22.664725579956336 6.312726721702589 2
17.200468917733712 88.98498855153838 1
75.54721615919236 88.59663912249096 1
99.7104733147282 47.06095539697173 2
32.75617468549512 60.31334521733077 1
50.10598253284241 16.9734807466692 1
87.88734958592275 88.17590515681829 2
79.04343446316484 94.1090856024582 1
62.07021872777293 70.8771457580369 1
47.54722828373967 54.47242179397792 1
37.86906008699582 17.5250536282187 2
10.256833233465112 57.55804014386931 2
65.5895668046439 15.787251300139927 2
88.27236000126113 57.55307019946498 2
47.96551793571495 2.6383058549119265 1
0.9663028546850749 26.03311453796735 1
50.86046931516517 46.520715092933386 1
35.73320892360577 19.645257414496985 1
73.007201789429 39.26358401153222 1
59.07847477519371 28.217312983487375 1
0.9324519269749199 90.18776953080798 1
59.461684290810744 8.782270056720254 1
26.000025196964593 81.4765049019105 1
80.29977360910435 23.786455227754942 2
48.59582021693009 0.31968873440250123 1
67.00241771832161 19.801678177468006 1
25.484467168957202 75.69019382510852 2
52.58974057587417 22.63157609060803 2
69.99608099722909 98.95924772652161 2
3.4954632731267754 52.39118704303849 2
22.7093498584081 56.82028390876427 2
35.04582242784055 12.708659355442753 1
37.0594733700786 41.443200716455394 2
68.74830334153582 25.013211032889902 1
7.836638149823916 17.540184865912288 2
80.01696422345854 5.547952407919432 2
55.35716494843107 92.42984958134501 2
92.85810898288776 96.52290769742653 2
48.93604915059894 11.871697553067095 1
44.208668691427235 6.256360883154066 2
70.86641056809553 68.87348679104839 1
44.22521524589048 40.942234100133504 1
43.765212494236614 76.10886153507839 1
50.96472555567122 79.1894322274423 1
23.34034669628253 39.61354365803518 1
6.916016664172475 1.1693238333031153 2
97.1201709150597 4.206873165298286 2
3.355682745373101 96.67527530465307 2
96.32882147802485 71.67951645782405 1
85.33563694813667 93.78195074876523 1
62.07464841264009 79.67654806730371 1
6.712581083283375 45.563352814460586 2
48.63342640311883 59.02997327765297 1
10.991577863117175 27.27227419054623 2
16.256431469980715 59.32158143837047 2
2.014909468790471 64.29264290819454 1
93.90840605652393 84.37788150582153 1
5.307697667454092 10.72689388757172 1
44.4176982833853 50.81290311496467 1
65.88847953388472 74.0704286173028 1
77.53363510019182 59.35190454484358 1
76.82717280918226 98.0954418742505 2
64.39955754095834 36.745904086435964 1
59.94060783399681 24.756964940845094 1
68.14671629952055 43.2157773708956 1
10.30747219396786 23.87625989892853 1
54.83532698037985 80.63746520363642 1
3.622820936549842 14.566424027235525 1
44.189801256561104 37.33231919366269 1
3.501662851472942 67.41663265498829 2
38.45510078214658 85.90142034725581 1
57.541005759876995 55.01141453705238 1
19.285708810710013 90.31774508082978 1
5.247005095306467 92.10138111192872 1
67.3755703685141 59.90920130821432 2
84.55536796393673 65.12622426484978 2
57.97939709585843 71.70894311561365 2
98.34113612115556 24.451522843945327 1
66.08516699635994 22.43563959175462 1
78.92295809832171 67.85803244915958 1
1.1386517114021832 6.553388272972316 2
70.78985209063005 4.834783219980954 1
72.95127644076736 44.06023023086899 1
13.313457460714584 18.006411262742173 2
5.666227345788089 8.45998126807842 1
35.48343761930567 6.128742135469989 1
87.00141713885404 99.24983603529076 2
56.632235838635204 98.88513707772563 1
43.172278368832316 26.41655808194342 2
26.839940609293855 85.71930315398349 2
49.494761322930835 53.85487442002416 1
59.02416276774098 98.55869923574183 1
93.74729885718459 75.46165788911685 2
60.678318610549944 44.6466381984987 1
98.75097679772912 77.63699708273106 2
57.98383191614891 81.75425902666657 1
91.96378299221954 48.8754306098653 2
24.781691044216537 12.124648545520177 1
18.46227501509613 95.4462680730214 2
6.326329040236445 69.27853726165684 1
56.94607522216701 10.882721066935208 2
98.34070773789388 14.822401979495458 1
59.97382680276737 64.66755417985158 2
22.604448929179032 13.871464458131221 1
6.379742073302408 33.38380035634951 1
78.42134541190283 45.577583783883455 2
57.342639769587166 49.95793812656962 1
39.463803031494514 27.792966042085443 1
64.06468693509981 59.962568769169145 1
2.5759493141047196 77.38513423778382 1
68.57461868077478 29.992004850628028 2
53.03848526323149 14.140626797200827 2
93.34302009915535 15.60520083982244 2
62.54203288970651 25.51618789924176 1
14.117026617315743 81.91424496696047 2
78.59744727044976 28.418300283214137 1
63.30836810290905 82.28599341006928 1
57.17222989426429 1.9561391230794811 1
87.44544710373545 13.602812717527268 2
16.872470092065882 64.33569233742367 1
52.28644799090774 35.26371972738891 1
95.09690916874241 57.50180227400368 2
80.4925559594237 52.033898213536766 1
49.64278873422029 83.3929386804072 2
86.77044441624975 25.916675146344005 2
67.15632906598917 1.6701303221069885 2
92.22880819589267 87.9649226599207 2
58.703830778264035 88.96105508948587 2
19.54962847344024 17.80530282587669 1
39.6253099164937 12.87528495073207 2
60.25502447262112 37.11575027543758 1
29.34036201671898 0.8670410047274979 1
83.23706716886039 60.84345563976643 1
85.02070583577678 42.31565594511743 2
7.95492403052469 51.07001006426993 2
74.87142286138032 4.313530743032146 1
47.64367549706279 10.04651218234044 1
57.323266713872954 95.56897263182249 1
52.839386279935816 88.78955528608282 1
93.14063267731566 20.361987811557867 1
92.61223007104165 31.392303800968424 1
34.75696382792911 15.994759882242594 1
89.27280864886264 40.05707495373929 1
99.75486438277312 61.51573762572677 1
59.72719681321662 79.55637783948345 1
48.25765123447362 26.0811846493731 2
56.27273152932706 66.01182022706793 1
71.81611395122597 36.433538031624444 1
20.047949265773113 63.123208875057834 1
80.96760098581937 16.54235833684985 1
9.815069515791375 3.9936863516732313 2
20.691940407440555 82.29529835012744 2
