30.31632832219151 47.35993453410522 1
40.071775273350305 13.834639601286725 2
86.50611873014974 30.342474959454492 2
65.992851688233 22.39902537234608 2
6.5350245832757174 14.340232303593226 2
98.92357495779552 51.372376945393086 2
16.150023322510698 78.22212424108102 2
59.80168464593327 45.27664095763924 1
53.607172094313206 42.460776375445796 2
55.95999680801437 55.625710678496574 1
1.2767512893518407 40.72271159274815 2
89.83480933915418 2.52915466728324 1
2.4835773886397905 56.16732143172427 1
70.01841076051285 60.076190130325294 2
83.63527755223016 74.17455739048555 1
15.067800110274876 40.2833341547075 2
35.672987995205 20.733774119177628 2
27.94791995822462 23.88192064486072 2
97.05971857248579 20.33038391758395 1
23.42614572959787 82.5159468120777 2
67.85775351916158 92.63649727681116 2
85.74537232707902 88.41993415235045 2
10.370104758438469 78.06521840853584 1
3.8309144381596827 49.7079719886247 2
90.05989212559112 37.75706663750044 2
31.150864896637287 63.634732258090544 2
28.412397830149693 42.39989931643425 2
20.59666427099309 72.27586504717048 2
33.9900315555859 50.06043892096581 1
93.28398831403545 83.78233006968657 1
80.89028208673665 36.54012455530403 2
95.59659741698017 91.94477430161263 1
34.831712788538596 94.73027111595279 2
28.220174278932486 83.86025938568618 2
25.768080512455537 76.28414412016683 2
77.60755735577054 27.61199476000438 1
92.3441020273579 28.899155131311836 1
41.598053833350804 86.66725905239478 2
39.91238330877872 56.21110389489036 1
88.61500267935453 62.16962129675465 1
37.64927276591968 58.47862071800807 2
24.237880553782855 32.85481123328166 1
6.014242181653429 74.6281398096142 2
0.1393245669132459 10.527352608437324 2
48.86846406246617 77.26131175399497 2
64.80067500137082 88.50497628464161 1
61.58918008389198 96.42231091889654 2
77.8666666642587 13.466553040193308 1
18.744801058268635 82.14883204974616 2
21.2060060895945 37.761805532525564 1
41.772059966314536 23.49758207194972 2
30.015900960776076 59.279052166902666 1
37.95373137119942 44.09376184824787 1
45.19849527031781 91.9977062220316 2
14.761391293600457 44.34867771764436 1
47.50856362775237 12.177192345690202 1
87.22019727831936 11.378692319920491 2
45.02406893240271 99.1647968736101 2
63.013187176700114 19.222571921265953 2
88.91753235845664 56.301495268533905 1
77.39093851274598 7.168391477081815 1
79.93139519983843 82.06450382091649 1
53.50524969398557 47.12381379750269 2
30.340150391617925 76.3656263820457 1
28.29531252335622 31.1228573955849 2
71.51361444683442 32.38129024108788 2
5.761342932335467 54.31085621942942 2
15.107197546091944 53.088642480679724 1
63.0462445728892 86.14690701832899 1
55.39006030988276 13.584234915322446 2
83.45387299919733 84.71102557208286 2
76.4376772683496 87.424939942565 1
99.32527651549564 35.2270033538287 1
76.37243799703009 30.208919172012948 1
65.54896670449152 38.214618041470374 1
84.16061893680138 99.94571907259386 2
68.41540729131214 30.090287697827335 1
11.304714817742688 86.30075517204119 2
84.10757925219903 0.2869546603935347 1
77.4829123293172 39.90120959025 2
96.93079071191207 95.17492146563049 2
2.7886227467269653 78.61405507043109 2
57.40978737004709 88.18684606531443 1
64.46786742812246 82.77583396884657 1
59.87427310761236 0.36522198512097814 2
1.7960640391367355 95.83812109626095 2
31.876694609827393 36.555649181550464 1
92.28330032454433 50.35129019669435 2
59.3488173220751 99.65357773949293 1
92.47747114529659 67.87136168919352 2
99.77083788734187 9.964847275213373 2
71.08376444039081 96.00029775484931 2
82.34044280814105 40.12382950743266 1
99.60014797439628 71.30391725434605 1
86.29299289024522 1.2903077237912175 1
84.12974926267506 62.21771103100421 1
7.194053550986689 38.454904640183386 2
21.77553673818823 24.63616388556825 1
47.507126215586524 2.4815039041013676 1
17.227658275066315 60.12811346639951 1
63.630050928591984 66.86531336265031 1
34.54439787498191 11.534518586686504 2
21.651363828296788 45.551427240926934 1
50.634165719821254 36.29238804587239 2
3.178038589911669 90.20486416248258 1
29.79607447061612 95.60680131391074 2
56.01312487931865 19.292871604111216 1
83.50535740279203 7.13002678366903 2
51.96977936545887 10.167842083266665 1
79.21156667715616 98.14002211837837 2
68.0070739293371 53.704566937563094 1
30.391061135499065 86.39877745399428 1
22.185058318231643 42.276771988770136 2
22.920075245556305 78.54066974379357 1
48.97835885246131 97.08453997584925 1
12.025513977044355 18.114360995709067 1
32.395774108024256 44.984144279510076 2
65.66810621926912 77.10930451838725 2
98.32423508388325 26.08275121442545 2
97.24933568497138 2.167558018566118 1
94.9656967764072 42.073283359633116 1
45.57918000325585 59.20968696788711 2
48.06552237555369 95.13544311398402 1
0.7260870866074964 1.992989742056861 1
18.653460671737964 89.05201154760901 1
21.077434629946566 64.38171092615993 1
35.44916830950915 38.041444797724886 1
0.3759169532298934 91.5568379320585 2
13.936074022752399 55.415969049989286 1
89.92811895600408 99.78361222716588 2
72.03031343426133 2.0676457899879264 2
91.62084608989886 73.4745937206138 1
20.982041981186626 97.97152869557604 1
49.77553567982669 74.33717501173561 1
10.218589275565048 59.9236377587713 1
90.150819054731 4.994628311760074 1
58.91632543612501 43.34492409791459 1
20.594375402818223 56.280137510510805 1
13.791908459470136 74.89649344199884 2
28.586156406976382 54.55591245480439 2
92.65781530303909 63.20768984645301 1
67.74526357753115 9.594110306937221 2
16.968929729655436 22.821833932562807 2
23.24192387596523 62.33418350655513 1
73.11661689261973 51.4426975514177 1
93.98150251822523 4.483232258176429 1
39.44122531561231 97.91138428051192 1
65.77814101181663 86.64667154747097 1
44.63082698601784 35.24994373472905 1
31.658502495544628 3.9000888577227832 2
24.300413241155628 16.46018030543234 2
9.106781207572133 23.489215582972367 2
12.100395027125943 68.56562198051151 2
56.90009291771426 73.22958022537537 2
41.87757335371446 18.266396859543864 2
22.996665291381625 49.729359680277376 2
54.14159598319153 82.21257118585879 1
40.2404843776472 64.2613313264973 1
10.476863012438198 98.50029212766196 2
59.70585230419886 62.87685015356992 1
61.0287151395193 70.766156282805 1
60.357366879304344 53.34086200647877 2
63.25631908810233 45.88948418658912 1
3.162374267295631 36.52403777309397 2
68.26979570359329 99.3611597379462 1
97.9479209143825 79.01434288755509 1
27.376370309946996 36.43030189729314 1
59.42399017649876 29.487099839608256 2
15.307562590680579 34.151716055758484 1
18.425465612635904 34.67780369573893 1
44.83162598660066 4.943326221109057 2
97.91560834167952 99.56228871910126 1
92.61051439671192 44.66841266837061 1
58.81395214321301 91.15520558174781 1
81.43953268363039 12.71344170102977 2
75.96735861262822 89.57694828260139 1
88.6613875073527 19.679392291020857 1
66.91177254967458 71.53463023798075 2
71.50490844128647 77.57269808861462 2
8.194204196604204 89.13536634774162 2
78.1409824805389 63.9705650034293 2
45.742177196823675 54.87132938908843 2
61.366476777359125 37.043961421823234 2
85.25105095485212 35.07812542608295 2
99.62478505031744 37.554483947006844 1
32.08869077879585 7.889469853249665 1
90.97924366420814 94.6003701236214 1
69.49358485309696 43.40734214830837 1
67.8669363717535 15.018793114760632 1
50.32040715138384 30.8963663237126 2
70.08009971568552 19.110455507760925 2
67.17611320393999 64.4375506620591 1
75.0512922900725 99.88244006923857 1
89.69150810469449 26.304949891366793 1
70.96311538127928 44.974814653190855 1
75.28598480913081 60.62343635295443 2
36.01468648951246 14.7353669139185 1
38.31045311398182 83.60047371088577 2
94.03826487373432 26.045453442231736 2
80.08615042719997 54.65183425373781 1
78.71013130017506 93.64621444782955 2
38.49180998139391 91.78520721182093 1
30.345675751466572 69.12090670169884 1
90.89212623344822 77.52801767758058 1
53.12578546547411 87.70276560569995 2
33.97057471686168 89.50252397283758 1
47.35481488418854 86.91581022288986 1
21.790974586932876 33.678027745474424 1
43.92015634659343 77.74493182431857 2
70.2586697851887 69.70909359600512 1
34.03246207061142 40.53384672141767 1
70.07856589774501 87.35084632394161 2
6.556392074329498 64.14393182352379 2
96.51919758382623 30.105661441864097 1
49.78295921383117 65.89532473184589 2
18.264563366835173 99.29128958611854 1
13.741756721146858 91.0083782598439 1
10.492804865007255 49.41883531221788 2
73.34161976873315 39.54546853297865 1
65.88801787416965 98.12110116994138 1
79.71455612552177 48.6123874469186 2
14.122291822952837 63.0002110970722 1
99.22387924440729 21.893374023403666 1
15.242333494610316 18.6666934628815 2
0.15538234145370255 65.56486425773875 2
52.33286654255006 56.72841743966907 2
85.5834444011225 16.30191375843556 1
84.68855769641728 59.474637026850885 1
13.367515873057002 37.60734160348305 1
85.12465102074471 51.88173260499537 2
17.61869978763635 54.64019021328325 1
41.154020026489505 46.50812267367455 1
89.94032743203354 82.74342287543818 2
49.868927110504856 45.31734460670415 1
2.506207845118835 5.329153731961378 1
89.82701147831652 74.71604296807318 1
22.504523273857856 3.561186398965599 2
55.29212458919612 66.76944656074635 2
27.23125886334654 89.8490693622813 1
80.13207494610428 58.95532370535322 1
73.13401051361332 58.01550704057223 1
16.785195084555838 2.3401751252116076 2
55.34517440114337 28.266486678290182 1
45.903020882173685 15.101694659703234 2
46.0031262477339 81.8270418623054 1
70.31637137195939 39.80148317472345 1
43.691866974040586 68.78415062108274 1
98.35442073090645 41.93044278867328 1
59.740965001296196 10.955785748014367 2
11.093488407486952 94.15474946952772 1
13.922514408598774 24.820207260833392 1
31.617895592327194 99.75941458576423 2
38.881320855099666 40.542331018633945 2
6.242054394563212 93.49832164609131 1
26.73560994229449 93.91187673426774 1
24.711970990648048 25.58228540865599 1
44.41217689358974 63.250442181462155 1
53.27930059833904 93.71150303153794 2
17.16070061822674 74.72699197970361 1
55.08728835109567 1.7741784400282845 2
16.008608983814455 46.7876791556784 1
59.64854977094214 81.94939955769549 1
31.052767336057606 15.755690953147406 2
42.07606973758678 29.044297101250038 1
34.80385446840373 68.97435314098117 2
75.65080663211778 47.65261548502138 2
19.494553929643065 52.74146451008209 1
50.775782836349705 7.067645095791619 2
37.75101628532897 72.77789860399875 2
8.435937155193706 81.03161681262605 2
98.26426053888801 65.12368192780575 1
51.67426241047397 27.04314029281627 2
62.23911234641295 58.879332027078114 2
65.48275243416806 29.32815604294553 1
41.846687208632794 8.02105761464299 2
79.83388319394237 45.26794059185231 1
22.738476227878646 93.22506936582685 2
61.50807464200512 77.27715229563134 2
69.74130035183455 67.61863401479752 1
96.52163916799604 56.877813932229984 1
32.847877121982584 59.24790317684804 1
80.855010033989 3.0817530042147157 1
5.627689047464668 24.148377184140767 1
40.56889626937149 1.8176865214123539 1
15.461484538287351 29.8244127820363 2
67.93244470066222 39.84228840891449 1
39.59554343003315 27.91630119741133 1
34.48319070202213 64.74719821564929 1
88.20222872626243 59.87425794902471 1
48.80722817123948 52.1326647655593 1
46.22362480128498 73.714122978513 1
69.83064478345538 65.15353659350946 1
25.598970419225374 59.97570943318659 2
41.80551117147097 51.750376039913135 2
12.446967952420662 80.89501140258086 1
37.239323121537474 89.01023246936296 1
36.153851390487965 75.61896668058326 1
35.05065316442476 6.787869802343094 1
73.65470183925852 36.799942734482826 1
77.8444164882225 23.02760631394709 1
73.63888019220887 88.29793007177969 1
93.44972601291255 9.585525902410485 1
32.026471469547715 49.531594649000574 1
74.24273732084714 31.09276658093002 1
22.28843546864061 55.02689572803132 1
34.12958304700747 57.433706579962085 1
96.45892814967127 47.91446727167246 1
71.28000954441508 83.4759385815618 2
46.40606719253474 23.65381249809072 2
35.486367785021336 28.973695707158377 1
0.9210865277304525 59.933405899499505 2
79.70393217451479 84.77364002434935 1
57.86455437979894 18.48965646040326 1
58.26623313515966 25.630918885221764 2
75.22351593125164 81.4085130713671 2
83.38506735413868 42.84386748789355 1
32.930822766588754 80.88220079469171 2
8.869620245437437 29.41584992796623 1
55.3321462630498 63.27924140388783 1
99.11202042676581 97.46728075711641 1
48.89930823194882 20.003606741372405 2
25.596896918764557 28.992504310646005 1
63.73186017815045 80.63331797437355 1
22.110759500875986 75.27733455046375 1
10.443979303007689 41.2711420157627 1
55.44419070741227 60.573027546588584 1
22.38790441531886 13.04188594058987 1
98.19418622978965 90.3364574383725 1
98.0122550762488 4.289544691817837 1
90.25627959376276 7.818093038394003 1
13.238896492992946 97.2141732186986 1
87.68937112371567 17.380032283258895 1
15.240755492385205 6.202449895254913 1
72.91492125873353 45.980984254271384 1
52.858206213479534 76.547030933836 1
89.62623197335566 15.016049333382252 2
20.692834407478255 18.89562353271128 1
88.37895484689004 33.92765326520571 1
60.47879110378966 87.36631716328014 1
86.75386314994176 68.25491826230382 1
49.67434898593043 12.15543560455561 1
9.40512773532739 75.20889461327793 1
37.65699207619748 8.511966469383324 1
43.6659453143348 47.99237103174971 1
63.181570194922585 69.67560868938521 1
76.65660340169202 69.82774922454247 2
40.18411994200049 93.38269803671733 1
85.98692180586889 24.816175480886336 1
4.7256034641094065 71.40507649993766 1
13.48521658406565 14.743585321514551 1
95.20593577477645 33.21148442460182 2
35.455616185283965 82.59507984004905 1
28.39321641211966 79.62403406262972 1
96.94102410977165 69.69034084357139 2
61.36587966516599 5.90112080111731 1
85.29818740258288 56.607547997667886 1
37.748185601992965 62.26738434758571 1
31.84084055260431 73.50196197561687 1
8.222422605669033 10.14077162728595 2
93.28356261148879 35.78768002358653 1
10.123736816688977 63.34700631195746 1
42.78776318532641 96.39508537844853 1
8.22183314179008 2.384065769688415 2
96.34408406010687 83.80076263911407 2
18.96467998338357 64.98455008807728 1
67.90289027484086 45.75272012167668 1
36.175054667072416 99.58153875831468 2
50.61353640427628 71.31832476764656 1
67.52803764882542 1.0456862408994017 2
10.855035378347445 27.00222396745633 1
4.344332628827274 60.84390265482582 1
4.857349322069782 88.99135312023638 1
93.71755001682874 86.62699001543865 1
77.10194714741988 35.3334597480856 1
16.14419672273909 90.58205390231944 1
0.220609209058642 45.66425770419432 1
71.39379012574702 25.11453909458652 2
87.36746039089255 8.13832291249047 1
23.290141003127683 89.22999915061787 1
64.39532565711805 40.678488036330506 1
2.8290989074577055 70.15124491825519 1
19.92314443926697 15.1708711660417 1
34.18239187798804 16.58239115129866 1
25.106061576359274 12.028331954611616 1
61.49706085786429 3.835349099281804 1
52.041692686329235 51.10992439792296 1
85.32938417862209 79.20109982444133 2
93.83591527588118 19.017665614973044 1
95.32076110926779 51.59128944126722 1
27.478024381826906 5.777934824982623 2
62.27071990221433 41.936686127778245 1
10.947960556400293 45.31987850211843 1
15.815208012480209 11.18453772654756 1
36.404841087704106 34.057606406805704 2
10.051575428810889 55.82551551184562 1
23.908943065332632 67.9044815156812 2
58.78794674983436 4.335504157878612 1
22.90017901915903 7.465662954631103 1
72.32897291523994 7.721498355825618 1
27.89525420386517 71.50847089418761 1
67.30842323642013 4.671045668751061 1
2.1387395018057087 28.32660605952434 1
89.9821941903254 58.82587234233739 1
56.560531183210884 6.669543565869651 1
99.36315320833238 14.093951839426389 2
33.87656487984264 74.74861057397302 1
65.64723843806249 17.48511957339396 1
29.67936811699611 27.46507317759257 1
55.6096933481249 30.859614709715654 1
95.95986536915507 76.31334388941904 2
19.91739376015157 75.33121515503835 1
57.66496150258714 45.33472679065772 1
48.068730140217454 26.45463818054623 1
81.27253824910969 20.098280989403648 2
55.342664280754626 77.50975014046553 1
11.556121341250492 90.53401176625522 1
91.77846136059331 91.95245964341152 1
5.301723460539042 34.085089567409746 1
0.3859148107731025 87.26768096692928 2
73.04851823541357 69.34510396215884 1
73.94169423747921 13.524191019838149 2
57.54065851234249 81.96636404129765 1
85.32481490897217 39.513245273503074 2
65.55526655868898 48.558973056851116 1
2.926719305705816 62.522017464502234 1
15.568674380988057 68.58782491221956 1
83.84911929342253 66.58600356341684 2
60.067243009797046 67.82750452210267 1
90.73175222800747 0.5093368467955273 1
29.944636083505117 51.269436158886364 1
45.35549736146699 49.525882985461614 1
11.799690717397414 35.14981104622903 1
36.688394262391725 0.08090964891986907 1
10.285089822116166 72.5834784632776 1
51.69897287575337 23.571815438626142 1
41.19913391197153 30.869895793340973 1
65.9134894580965 59.79143892579799 1
46.421684517390204 38.88172625422257 2
11.86336175153353 52.50671104028453 1
94.85358101713943 16.601706097494663 1
8.96229872560249 33.510228911090636 1
80.15497332809596 79.18842575402401 1
8.136055445419155 58.004482920701726 1
33.318740807441614 85.69830322954395 1
91.33080872508992 53.803269436052645 1
28.186079484875926 57.72723615591985 1
51.977070908759906 62.64729341630157 1
82.18042608931484 46.633831268380376 1
28.547972543798828 66.12316322399289 1
2.7192103004701873 7.642253487706352 1
57.89945621600072 61.87844171095872 1
6.944786078731802 27.9532235911226 1
52.55551566050804 59.95335029447286 1
42.39290542741813 38.588671139300104 1
76.55302134346623 16.28049248421737 1
65.07463749306794 95.03103382628517 1
32.35602231845086 90.80961391698258 1
82.66630854211951 56.061295721517766 1
86.86408610265447 82.69439582984027 1
70.67830032505779 12.603611320860864 1
41.665306380822564 60.86782175104658 1
43.54479744574942 33.095772531710445 1
48.21776002612958 46.514361192026875 1
90.45131379229832 61.011905286906675 1
35.824533202171914 91.16019669582377 1
58.9622502321762 7.15182826228018 1
50.81071196860497 48.8585658298447 1
58.20143013525837 33.518505070970726 2
97.68483000390648 61.86546041806652 1
31.922087875748375 29.285679938462295 1
81.9225138370615 92.80271612056346 1
48.9435234352049 80.64330883921609 1
39.96687110767662 35.5474854263657 1
86.09697444937007 22.671370901696864 1
63.802126446365634 1.3761694658838586 1
85.27271654207388 4.538421480253952 1
35.87532930000553 26.72929592997786 1
58.02753177092339 56.404973742898655 1
28.188601438510673 8.753780124402121 1
80.28403829076262 75.26235103037973 2
95.66643542836835 9.37462907992267 1
31.47447666078006 92.70461825338013 1
0.9657326721545179 19.259413058035246 1
88.32628430089045 47.81833166212316 1
2.596934114656757 99.08931443936581 1
19.005249882288933 7.250673112815564 2
6.466752348949445 78.4332519237873 1
52.94893557174951 78.60273967805553 1
31.853076204970343 20.949289536541116 1
21.072955543464733 31.28295564381245 1
97.28448381715693 54.749004438023704 1
36.97050957492595 17.280487663435885 1
62.37602579728938 48.57417032583218 1
26.654925873107672 48.18152652283013 1
98.96759065415614 73.83753582013492 1
61.49872135522935 22.198106705350273 1
19.301422072227304 50.20658431720598 1
2.6315855338331584 82.20784647137837 1
86.5056966683643 44.23887620928496 2
81.52538088236899 29.42542279816277 2
