55.361338956948735 93.20944650349333 2
17.330320270057918 19.545949072413215 2
55.69587118887066 7.907264709474848 1
63.47246046623339 89.08811419573591 2
1.1111430782952736 64.19722819070843 1
21.16503371482038 53.407356103082 2
1.919709307255546 91.33428960267388 2
91.53388692881661 24.68162563059514 2
83.54939738441337 87.72794106372447 1
0.2446460348804913 79.27672549793529 2
72.44353592374965 32.72633690921089 1
2.8326545130725633 48.70120303764075 2
43.80629544981858 20.36185453629471 1
44.400822389080986 65.12579369330464 1
97.40095681840958 3.713019263302153 2
61.33854348685869 29.478241254026983 1
51.27664912118394 8.020161335245957 1
65.94143201493137 69.9140147606393 2
55.79764989324136 0.3622987749146822 1
59.07369620576809 11.121526837536333 1
91.0986065640657 80.0140923298958 1
23.842211228664066 12.360719861028901 1
48.56099655016094 66.28993172291283 1
96.96227544431012 14.387412398225141 2
22.920099250119254 35.73650481830143 1
95.4438936667328 69.53332131817722 1
86.8281281412667 22.471054987070783 2
72.26681026756059 26.390239847833275 2
62.20824962175177 82.55322792161209 1
90.33215235772015 37.96174346456742 1
5.841529400937673 78.49652669552066 2
74.22526689207955 7.685206234949316 1
14.073902894864233 42.40284830990553 1
98.18501205430789 77.23931367029292 2
98.83855456460688 49.52973415123725 1
73.81999784875248 54.9162541081681 1
74.07243228499081 19.238549047635257 1
61.22447600531014 78.67782595499558 2
6.547519136833946 63.199706594323665 2
80.72094373132217 21.808406104397417 1
33.44370819099679 72.70387017105982 2
77.38177759873646 45.64719666615573 2
3.2563962089619203 10.536821626154092 2
39.81939835405207 60.25257340099303 2
32.290967964822826 94.32820778120164 2
74.7523153743568 40.33309740463893 1
40.02048078129714 74.60889298177823 2
40.703286961322696 43.07826905787109 1
22.893773931722716 60.98874254137133 1
65.2493104451061 47.33761842663796 2
68.74645032631437 65.55444327473671 1
33.89694774379388 34.49952565711353 1
67.43673021244642 11.522874114888449 1
61.26491882950093 16.959640780477425 2
46.88325492587465 80.1775396101956 2
91.27958359555117 6.956510074322031 1
87.96649651577022 62.67892332970485 2
74.38432857869283 0.7096080412465455 2
78.24121721899027 81.74348966557069 2
45.05939910667339 71.56855415374729 2
22.622674939944787 71.49897366969877 1
8.767101298228186 49.14145070831435 1
66.19701091834949 17.067931130586377 1
4.410362491199027 33.05859565596512 1
52.40990313899708 42.67134514540047 1
72.88802744346337 41.46395545292712 1
1.0445179977377483 15.016741581946603 2
92.73730680767359 76.12176819882956 1
81.11256742399502 96.06310462787147 2
58.17937548412313 24.555445198221058 1
77.6315967646752 71.22648792475856 2
90.89696247546489 68.64614922712317 2
12.945439190757957 16.90300492636261 2
91.64184763937362 32.91529788627263 1
85.84047721024677 86.67176483583928 1
46.86907021615466 95.83480397595326 2
84.91067383816424 78.11616663179775 1
61.574977663856224 40.41009579708552 1
42.04417921148009 72.29217582764605 1
66.95227264478648 93.92703614309454 2
91.16763404987161 28.704439318338615 1
14.418964107533327 38.63299715721325 2
87.55876271862385 19.388292325064725 1
3.8730782196387814 0.7906308570577614 1
97.08532977330073 40.65170107971186 2
16.448480308248993 25.90155321220281 2
47.42823786261873 87.47646096186511 1
26.519466333561105 89.85220423735399 1
1.832868232434992 58.0226124714892 1
27.64780593282473 18.93699712360456 1
35.32595916374884 22.974387847656974 2
28.34313937171682 50.90656534477659 2
2.6631270019081277 28.66572548617542 2
21.65203043408116 83.65385928084194 1
96.46930560054965 84.53490133530607 2
38.87591738320179 29.012426095077792 1
95.680950959231 74.74022734247863 1
10.394180512325601 35.62259641929831 2
47.24519552376374 4.6410552921924975 2
83.92422376795528 84.07532146496531 1
