34.63441386443002 26.797961892752163 2
92.26646363879618 83.0261189498228 1
69.24227153560344 77.22761713100597 2
32.42243339692794 51.404068979713315 2
12.479135274376196 17.906398686169478 2
19.812899168631816 38.50604774212043 1
86.70486034208629 8.70682917763087 1
15.69952823157237 28.761134586371274 1
48.33350746780234 27.575128127851066 2
36.60546808038738 36.59421371506401 1
25.029418930643764 86.91457174339439 1
77.46379402638391 26.62131923941583 1
59.982851889415635 78.03224051819355 2
54.86785185276036 88.36002173129438 2
44.67841866163202 54.1761193211862 1
18.55836384745174 90.90541384830077 1
86.40849978779907 13.85643105551264 2
98.11380708420482 93.1574116888323 1
41.59234233088862 83.15958072085296 2
64.524080222548 51.7761519990814 2
73.06182114249897 85.12696218099917 2
3.883336609397725 52.91058151780729 1
36.66065538971226 10.91682835242792 2
18.079918842886322 62.945241719676496 2
44.072882811599015 99.56943752384106 1
3.9352207520182203 39.26756191163049 2
9.860355364123318 58.37684671678009 2
56.088245187486294 40.0505675352139 1
30.217186356365232 30.54346378663024 1
65.5561866688702 56.06538208169902 2
74.56248797722297 44.13075620215633 1
33.50677478180669 3.026055426359786 1
11.946949072269653 79.09515355487066 1
36.13762161650885 41.277578803545644 2
90.72691696670134 15.706068460217793 1
63.56735499831293 63.538018969275456 2
46.21617408033904 15.521997183459568 2
68.68510946910995 95.21324551196822 2
16.92187366980289 57.34354468728618 1
55.10641907296987 47.727788358164894 1
51.00708345630653 8.65824451087076 1
60.5396833585123 83.23465152024636 1
26.24126254327306 56.04212362066373 2
15.21520953487342 72.33605275201562 1
54.317685842308684 3.4557465553090805 1
98.06476546828804 51.94257646101641 1
42.73963027344415 79.25653789731076 1
66.42818958168723 82.79421140709087 1
52.43625710949436 24.443163178199757 1
98.38875821170734 41.54507640819819 1
