13.215619973911629 96.21609876789324 1
25.82320362895838 88.60375585122716 1
35.50438668192297 80.86156006200372 1
89.51224796723417 77.27903905603522 1
51.68084725026615 64.20978144613689 2
45.5338041936385 52.895058383497094 1
68.46064817920553 24.437628804285872 2
79.03164034358564 62.658143002287304 1
73.62322710776364 40.70526070680296 1
74.70666747072472 58.581465494177706 2
34.940517893301184 88.89044235716209 2
11.497580273702201 44.301629327499015 2
56.28503853135496 2.9442629455261216 2
95.07877650456037 31.61124098254198 1
63.181694761911345 4.814571758649677 1
3.3442433736451616 13.186673960749296 1
85.70019457163069 21.592420990352146 1
6.023482631557508 94.46998961011927 2
44.29759839496313 8.93203396184652 1
97.63752188632428 56.17532651391518 1
94.57531188444625 80.98236980485335 1
72.53088655272178 91.55203780657129 2
71.26280087027831 21.069148441298214 1
27.662053862947232 36.97226701436334 1
67.86487870970672 65.44330764707247 2
53.239328026889176 4.855639090340991 1
18.575193108186994 13.072541579320074 1
50.03729737672163 93.73786895761307 1
25.571257690002902 54.5741591841306 2
66.84545328629592 19.541754122826084 2
92.02621756132457 55.836003099101696 1
59.62283110643525 96.8538864306596 2
53.02246691621954 34.99527702811087 2
71.83848966185253 29.856458248674866 1
97.58291703157391 92.15978446315162 1
7.522591841196913 65.051549454921 2
98.76195582966217 97.64322829337505 2
41.396167158794995 28.915541543540634 2
92.56175824869996 14.574949563783502 2
20.37248386357582 20.453199138590183 2
77.0395970621495 86.47234428979743 2
66.52198095154903 30.877239820973955 1
76.21962258668779 11.240068059944242 1
38.41145332425315 95.71866036413351 2
3.8523455178612553 96.93213178398847 1
11.197973004758543 29.356145021177582 1
84.69558958310505 10.099722514082766 1
53.844523438506556 50.968801287861574 1
46.29654069198153 4.017749666624837 1
81.87338091119143 87.41817020546796 2
12.192888037150595 32.51810442644092 2
11.073910576834567 50.09421335500115 1
44.61778278943195 59.22077631195665 2
14.606063829102055 82.71329460116948 1
23.332664388257918 95.83178999889698 2
60.67684480649797 52.654809070668165 2
99.42399230126787 39.8881083493163 2
16.374562476895893 45.6235970899596 2
18.316290429907767 38.83635614309773 1
33.37014981846216 95.83424588862596 2
8.92312280388654 26.45207067381716 2
14.43877484873034 30.513403604626234 1
58.56801106950219 7.932880760619987 1
46.26817378681951 15.163789216761604 1
15.701664241376168 68.86288079271094 1
45.471250883348866 38.01166264414901 2
92.20608605459437 96.9738803680879 2
58.72879347189392 85.5044014004262 2
27.289932073155388 47.14422449827698 2
5.571626418066799 76.15802749764372 1
82.7328780841564 68.8859783531501 1
96.53457011143186 61.74017150028468 1
17.144371327463592 60.17002033842226 1
18.87258078245726 80.23847877269722 1
79.353507821357 73.5080019323749 2
47.2248248541191 60.74113633045536 1
65.77507181620604 72.92735607093039 1
11.092138212790603 16.326393248156556 1
18.479198665496522 27.704865404342737 2
70.82996140540443 74.17652442811482 2
65.34119439125455 79.46923253209397 2
63.22084988435278 69.04784833221125 2
16.49297583863686 92.33263284238157 1
51.31696214910038 10.971521747228019 1
39.09093660691417 84.31887553397213 2
4.2922892894007525 34.390246467648566 1
70.06615016840033 61.420317154574334 1
53.066050882907376 70.05476851331014 2
72.79264142611332 35.57376790386184 2
93.96215842490709 40.84002702298738 1
0.5495987563193028 21.91141021029164 1
89.06755687759748 12.307136286326358 2
76.59039105962205 92.27208550967288 2
82.64816050470245 18.145911429079796 1
41.91328056269009 2.8151416190895895 2
51.38436988548391 31.82141152969239 1
71.82100674893523 95.84367917811495 2
53.502039378545874 90.96508980104663 1
32.5071305232447 47.86455320732218 1
31.703393574120863 5.6296606559808176 2
15.919747731533784 40.89876220424341 2
15.867363335007989 53.53137367522234 2
12.398941484457005 7.2472203990275315 2
78.63505930248425 89.96648785769452 1
4.482690266670463 87.69377287918066 2
43.12255779415574 35.44586211429619 1
21.072636554219393 43.691421978200594 2
32.8582959953993 51.93167898336392 1
95.76276965243416 47.157281647232864 2
9.780061689216424 72.62269944550252 1
56.39235235092822 15.941800951796658 1
21.987250311657426 70.24396832976363 1
93.91125310992305 68.80274153469104 1
79.25706126236634 47.601979677479086 1
46.71862091833352 45.905321150039946 1
90.86042353597078 65.91184777664513 2
72.46725683472334 53.60574862315597 1
2.8989377739544686 81.41368799037826 2
79.02134099074136 12.039697179645314 1
77.68671484155895 1.9611888584734505 1
25.448871987861786 93.41785818568854 1
22.228235886555993 13.062489506023445 1
27.21534724006721 17.561018184664036 1
57.61814766796065 71.12628318992027 2
87.71440343955416 33.26699017982448 1
35.47845444350406 5.336546325645819 1
91.1046986773303 7.63279020539962 2
27.722666543552165 77.23023102278304 1
50.11723173006782 4.833043763132306 2
79.88313559257043 81.7083392824054 2
80.07811589497454 25.97396176509269 1
74.22354221144609 9.038914660705377 1
49.7814170371454 88.81724437903003 1
85.77268329784994 91.23342780130443 2
40.962466298464875 55.48361383287841 1
86.17858537752666 5.110552593890616 1
48.76852832435388 79.18087669992427 1
88.39887947242387 87.50452556094699 1
20.857923921393418 50.378691713797764 2
11.122317102098878 47.873873255531095 1
0.628918883202978 78.83629797784187 1
40.943959358611515 64.05112862547986 1
2.3056177484693574 24.555955653943972 2
21.316535563373908 31.37008610351184 1
86.1534657734674 82.28190392332615 2
35.479063860734726 12.596739827923942 2
54.421761021636236 99.52757559030508 2
17.055493651446817 84.20493958802217 1
74.45496805699557 27.080373218980125 2
14.037136088206847 90.45818739404487 1
45.33797643799148 32.8757802992532 2
78.58797173315371 95.98782229132476 2
19.774391889864773 56.25314398140222 1
6.430566852426378 9.909734787020918 2
25.109885641612728 58.56242526474943 1
29.61264178095725 0.6027639381771421 2
25.309391137125935 1.243879945049997 1
56.2848172612165 50.11227094303249 1
52.2379873266536 75.46072017656186 1
83.18145955401465 25.48291936577329 1
43.85913311206432 41.91642376595544 1
32.656462684846176 56.65151504418504 1
75.14063565438995 17.508679703421326 1
31.49278246436611 89.3841180679161 1
0.49573253296651965 45.50864644836523 1
83.61203715391741 61.727304842513874 1
90.9626908113474 61.00768336338813 2
23.57279710127591 28.94041985942288 2
38.29240791370718 22.171721637835894 1
96.1445624820665 77.27180892378517 1
46.63733002736276 7.735220950072841 1
30.10738644585227 44.98385386559779 1
8.447032995793368 47.207288926854716 1
69.67657087188546 47.68245628079533 1
83.23906465006678 93.96883299879298 1
56.35198689613116 59.602150974215895 2
0.0016068607483266106 75.90426042940646 1
50.98766291833204 23.65190705514113 2
86.89850273243158 29.590806062499787 1
61.028867152543896 15.750044465670744 1
85.25060048969685 97.96904864115396 1
36.159614339485834 33.039026754306846 2
96.91733789428967 22.02888492485332 1
32.46866420297765 73.00356695957709 2
93.17087904889752 36.19030138668558 1
43.53135731128355 46.00793516428996 2
24.68410491238232 99.4067481203707 1
98.74873568241313 64.08202705143877 1
3.6068257459820896 4.407523844867988 1
84.24920720033143 33.084855294281546 2
47.89224873114723 41.454024441806595 1
48.01306240250083 69.52721243574189 1
9.606333872841422 97.65481058797452 2
58.19446277146493 46.491629149295356 2
66.58957153764688 44.117592613559175 2
67.33751855779788 84.24797012971895 1
77.689279800701 37.54194824958878 1
18.206776427915372 89.19344100397912 2
12.738970308751007 21.11641231533077 2
70.89888692989375 45.5330901034875 1
49.41744936172097 16.289714024636638 1
63.10094269561455 61.3612299893285 2
60.702833046213414 75.4792276107491 2
88.89716147525827 27.374234087234218 1
90.49816375149366 70.55277239146882 2
85.02399605780256 44.03310032536272 1
39.16481969956198 87.88446475562563 1
62.61358102923431 33.136504592250695 1
25.38175012262629 31.50371678353262 1
44.53089275620768 10.920137465798819 1
38.79801873907156 51.75964322966813 2
24.070104925943227 86.25682947098541 1
81.26511702166627 9.21141389734741 2
96.66428362705582 3.051994095851973 1
92.39477744523624 52.231619824701646 2
46.41401466531937 72.51110735961393 1
39.88529613463707 68.9777045565121 1
76.1302525384901 73.07787292131641 1
6.604492061590916 3.341447322716684 2
67.73544134122398 0.249360347180827 1
15.329766891962226 96.64175424469946 1
