41.609782708424305 22.728915357939883 1
47.421094558711076 79.06893081960187 1
59.00722663608629 86.97966780939976 2
92.75650211622086 68.82452300596107 1
65.9605598983013 50.43102821171114 1
23.399197524298486 85.7318595880003 2
90.39791783832766 96.69465544791014 2
93.23568389371508 16.489190518521234 2
5.9659067921017055 73.72820530164766 1
21.255400763194764 94.33201727100287 1
68.54788498882424 55.73051714557457 2
94.36965632431476 55.654316882719655 2
66.38726809230944 98.29166903955124 2
62.87269999539653 91.89485842430595 1
71.66220038403272 88.56442380526921 1
16.308421029153376 36.79373198195683 2
51.31212636308483 47.77383335227856 2
25.18412729256663 79.35349847555764 2
78.50366472223871 58.49319843782461 1
33.34198864078074 6.949112099814714 2
72.40234867433816 77.2172390606181 1
70.54562925274288 9.704885754636116 2
47.48179196940507 65.02962697986064 2
9.424796083445951 42.40558452760938 1
55.843249988936364 66.80207059235981 1
8.416379564713916 79.26496330887998 1
83.50612878511203 88.06202797408427 2
75.48867455411586 94.4259406407988 2
21.960307829035976 58.44567866835335 1
39.51236703570745 8.821003337529621 2
12.745245249261517 40.9480480337801 2
99.29820650405756 81.82549207778412 1
48.410774016960765 27.319822905700153 2
22.72513075398144 14.169511667578538 1
5.402877774657533 6.797844799769415 2
75.87713670564192 14.166219188942142 2
13.317648336387155 74.51387031369946 2
76.65395574983432 80.46281567581366 1
91.48128748487132 23.30330927860973 1
50.17693055517161 36.339642117524875 1
79.56828942842506 80.76691264394319 1
38.10765939374507 82.63503688031129 2
28.38097672164953 64.76998159230656 2
4.710339020827536 31.486759075254245 1
89.83372924981403 42.03289983695326 2
16.225556571409673 29.225915278931293 2
91.0993340282606 47.01375757783626 2
21.548634953469737 38.497885222315574 1
82.6889375706705 17.428763634006305 2
55.827547827817305 95.61265695505128 2
96.989213068729 27.886533977386385 2
50.184779076535754 73.10073651465547 1
87.62911007586227 58.64592197869162 2
80.36200727123854 55.42261903383229 2
67.59849052154408 68.37290839550849 1
19.694870308370348 91.53403812663883 1
3.5857429906979155 1.316178430974202 1
58.039003840058825 43.35206102966844 2
22.705400387220642 5.838637116335521 1
59.8641660887973 37.83181535375009 1
45.695780262427085 2.4034376938802837 1
47.87963612048893 35.10551690912143 1
53.055488738595955 55.872064539010424 2
98.64597912965876 12.671620720882192 1
24.4345673512816 71.69163100549171 1
28.269423187836374 46.264740051090314 1
99.38191597678937 1.645842736329306 2
45.13428684250695 17.552722367909134 1
95.68963193239159 96.19004156907906 1
94.43327952120558 8.158422901528095 2
85.19185497866214 47.82083791527717 1
55.76186870573111 38.39822095238004 2
31.336008378174107 86.53841536686109 1
62.532047530601076 68.91927650725216 1
67.00583958920569 72.4531968188408 2
37.603273590392746 54.63848088609006 2
53.931690301278834 4.584003528557224 1
49.44847283357219 20.826302706074983 1
75.31544599931662 73.22458961535403 1
35.39609741325859 64.07489433232135 2
42.65258847147052 11.49132545354684 1
38.292012326828676 74.16190696208879 2
24.66271153708358 40.51017930158005 2
68.93317883793851 28.688554621532912 2
13.629153765824043 55.06570123812951 1
74.58466391159469 61.174991212454714 1
23.020197260089446 18.477817133981123 2
9.346600144810557 25.69350694049637 1
54.11185584071935 26.258418898641377 1
12.434743682281379 14.754254737862905 2
5.7887082536025485 95.48848231535898 1
76.890047813902 67.79711074519321 2
58.076773819028624 11.745753364034616 2
59.67758435362992 4.528884864274607 2
11.991438724367121 97.0781783669927 2
42.57172275176242 15.884329419048237 2
52.679810178215945 67.72505490068046 2
25.92323292487695 59.350097820555824 1
38.596868134036235 21.936093289669135 2
72.35951254970526 60.04791366574014 1
92.42909881890856 81.32132663349167 1
42.0942334654711 46.88642381119668 1
36.17257388284133 9.620781139185775 1
17.582117411666832 47.156053801414366 2
38.067377032505064 49.19995418737484 2
33.28495489536299 17.348913255784193 1
49.05791953086215 50.387921897724496 1
16.908676505477814 6.6997318985038135 1
7.373061211336562 14.014954648701316 2
70.97810640011684 85.38885135243453 2
61.297120635005356 75.972740792222 1
46.85039351449376 8.984226876455015 2
60.35686065415269 61.20391995382555 2
77.04561709780249 99.19265772864289 2
10.103260531329994 1.5110994354326612 2
9.111280137792932 83.8643647195382 2
81.88786033456135 46.82665288976644 2
1.8074271933162356 75.35468266897146 2
34.93232628294084 39.188647246697414 1
31.763584068487695 22.354094873828867 1
18.97330626635855 58.76090046091653 2
43.07909912386773 37.95857336323558 1
82.61818673993493 83.24747388852512 1
85.38018687787235 11.8643550697061 1
96.07918879800177 32.39366584836033 2
3.534504625524537 65.93022292386266 2
27.859843672409646 89.8731457348624 2
53.534520341143065 21.198443300296322 2
17.315610339259734 24.811627925780144 2
0.7885793716081446 28.428581470841664 2
76.69359735028338 84.21025034147435 2
33.245879963515264 55.65529130312363 1
31.276910080515908 29.587374801523914 2
6.159417933374433 22.7780268990755 2
27.781572688131263 23.720058510001895 2
87.12477683254464 35.95039244671493 1
16.478078455458657 32.70740146833848 1
43.84246443251075 51.15760585767569 2
42.579774131721514 80.76251967947533 1
27.125713754275395 83.78795521098486 1
39.02996477571331 14.159435934494324 1
35.13379479571436 90.99828416009265 1
3.999799601418108 52.49215344531555 2
27.405261626494536 94.99948910684839 1
54.20534119246464 45.04819808403041 1
40.93322076089373 90.50052288908631 1
1.9985399731753617 81.29654410491385 1
16.95721301757037 85.56478975066548 1
93.37091066618558 71.24439962708986 1
60.242471303584175 53.31475516403987 2
93.9558503099771 2.270480906703365 2
7.1676728920973325 59.322507035329565 2
72.06355051532088 98.65159625329554 1
65.90290423862477 77.05080747210259 1
3.8105515154160385 25.3111569216832 1
76.02110581427158 6.416623321824644 2
8.595280929629656 93.58304578454499 2
22.672501030478507 98.95247712496922 1
89.06680573585177 1.4168587278710287 1
22.753220483537152 68.25291869354176 2
68.19697018143147 63.83868643951449 1
89.24841062178513 54.63408805968306 2
2.3720935464651483 99.33010341514719 1
73.05928439679226 52.46306567201512 2
87.96559858990398 28.719533839729472 2
18.286093609316765 39.373793173966284 1
1.3170232270047766 71.10117264600589 1
84.65436194269851 8.537961376914494 1
75.7166885548046 46.313165339461605 2
19.98932119370924 43.91844421116912 1
14.154105196322476 83.16463932328796 2
29.858192609261092 78.7143169412498 1
62.27801998386832 23.481859794045945 2
13.053310677822394 91.88158855350102 1
91.93161160020057 76.8493214191029 1
86.74018202347153 79.38371285990154 1
30.73293741618375 39.98179672065836 2
83.59738090651241 95.94264081301051 2
89.95312207349116 12.198721043629057 1
99.7937311615552 64.72222062684158 1
47.04604618671726 44.898505898599716 1
12.700962277462779 58.71299827900434 2
97.16538091357378 50.83104490236151 2
77.54144125796928 42.96653023828826 1
96.15798342475095 11.339892615535863 1
25.772787775260053 97.79252931377233 1
56.9806889856998 50.21489037986587 2
28.344713561372537 6.05502094431265 1
22.748523397413443 75.61992378297111 1
46.1796972696696 95.18870694874234 2
72.15379181396912 64.61842581802713 1
45.55646695399707 61.834987051831725 1
85.61067701217588 52.01417021094413 2
98.8831644772997 46.3893115989715 2
14.38305374008203 87.40482503101576 1
20.428169789882656 83.89845270599326 1
64.99816510107587 83.96350796794229 1
80.74828624483186 8.997970743448636 2
30.40546815348084 70.04987522247006 2
16.348388404757507 11.2126906228185 2
2.201623079010784 55.303596360637975 1
26.180885335880475 44.51535714718637 1
95.94442797279234 24.671624385678893 1
7.914003414418924 87.79578502277622 1
84.20285895932894 62.296486270834414 1
12.138754482381175 34.61519209046988 2
58.18360910441157 22.620731001178186 1
46.02259246939322 33.90061624053475 1
59.08237825760628 75.31332049667336 1
45.343542682831774 39.10343774677687 1
1.8604327256356412 33.996857801575366 1
20.597431003224685 80.22438804630231 2
36.82204261084525 60.03813030724697 2
68.12854686560287 35.16840180739046 1
65.10071833813711 67.65072066850487 1
64.9323106677307 46.762483374529005 2
23.100056069255736 2.266124858004659 1
38.51940546461069 33.89615813255489 1
8.204004173507762 31.92240199278479 1
98.7137371608888 68.02852852687823 1
46.356629125811175 84.82990898848914 1
15.830538345884982 79.27839772592002 2
93.21838481981678 52.88267859420446 1
21.937960785193024 9.711307628484978 1
80.34638360914289 5.349137680256311 1
87.1256549262647 62.74948455764496 1
97.22804316112881 53.97046359795819 1
64.0648601397642 64.69994869165626 2
98.4429182138391 87.94126968592533 2
80.36788331423918 29.889403289283567 1
14.821301616733473 45.83718098001883 1
3.613496258115745 45.09398505278486 1
12.981964482196418 44.32930737967528 1
3.102374886156778 61.051192983902666 2
73.2852841670289 82.91173489234788 1
99.91558244275194 78.66413777879134 2
60.717785671500934 19.235404404428845 2
33.796798520902385 42.60781901549304 2
92.23230953455631 21.3634540234654 1
33.5825557985039 81.2700574168116 2
15.699331910346736 72.35230804764082 1
8.482039754321368 74.21102930781164 1
4.153026035164431 9.865548204844487 1
83.43421790703621 38.647024760292645 1
23.606481868094342 52.122729720225216 1
67.31025491024198 89.95795789553344 1
86.80717556882456 8.279324679881006 1
94.23040714441596 23.21851783195543 1
63.41062182504932 11.213854441468474 1
73.31177251055189 11.258292431890792 1
11.331148975800009 30.171317458742884 2
73.35488847200276 35.447940013531486 2
71.92289021576131 19.252776558750927 2
63.655056172274286 6.634351182329368 2
83.78466216892599 32.74005486887073 2
59.167604432622724 81.02075143744712 1
98.19674763500652 74.05708908322327 1
63.67584672518709 49.90450280782045 1
49.52629761842498 77.80824053974438 1
51.79121623647907 10.721184614240142 1
0.7273287721680899 17.405689104427104 1
32.65172812583608 35.3564248747674 1
58.92655583715277 69.19487606381219 1
96.74158205229656 91.31141361919433 1
30.81916370754013 47.55996230269599 1
38.27655655947635 30.83740505342175 2
8.233632038950912 99.11088016443155 1
87.8653893439497 71.97247380884548 2
35.29731477555301 86.28716420700047 2
8.260499363055851 90.3327107221131 1
88.14910575740723 15.26611880790546 2
9.230702942912561 17.992556956414376 1
62.973249233764804 38.05990641031204 2
33.56131667358257 95.51221029880166 1
13.788157368805177 48.79783007281049 1
44.20452548156823 59.812624828529735 1
78.92931204020745 25.772775351884224 2
19.001611595489145 54.71517084785855 2
87.7006173337135 76.85804240506397 1
14.974008784590009 98.54721750879183 1
3.1492826730828094 87.83685263338806 2
59.02222494926347 28.17311781769486 2
36.836019410045914 7.331590566713042 1
40.84721668332902 68.87066587633977 1
54.8920088939502 30.724999056676605 2
66.96560391668591 92.83677108237298 1
36.47712575544797 97.17565135280238 2
93.60134788332869 85.77602978364648 2
25.258298933650046 29.65221661524753 2
78.92458842017655 72.25296934729134 2
20.22835521697246 27.8155249040706 2
55.64298442147446 75.21417142139268 2
6.076325765998747 48.54848857164497 2
9.376640109880373 9.412272330616233 2
70.67194414458822 32.15101031918927 1
45.17034831622745 5.152483138988362 1
43.79952231013944 43.00349640591814 2
38.60703177177282 67.74264736124866 1
51.66422933961841 78.50254778328527 1
22.711702657653486 90.34661206320916 1
62.59936247645948 72.97156122189097 2
41.81649498580591 56.47990230846054 2
5.86243629070522 68.84806836220052 1
98.13458722912691 96.55894557008182 1
56.84244635033028 56.34575103738666 1
68.52720148808115 0.12409417639945852 1
54.580619625414215 8.860784584779225 1
72.28795355623147 23.057909035891065 1
70.7014180058165 50.14285647895073 1
25.327445385315595 62.60597004127935 1
50.49253257984611 52.05555653543642 1
45.20549171182305 13.91309071527923 1
36.592929082416525 70.12614006504204 2
63.9151159882916 85.83381027879847 1
28.726141825052842 74.89207849713684 2
48.129915996131224 54.72016421507829 1
11.115597179230841 71.80331014373621 1
81.13292076950901 13.42107259334674 2
31.376680400423417 15.753816936456566 1
35.62931267561113 2.3447487800747235 1
80.10508091695036 61.9986739927617 2
58.70562073654975 98.77782037242484 1
63.715554499750105 95.9948957623585 1
75.25381525159054 26.441692274445305 1
23.52058116411656 46.335911348785274 2
47.78731890053096 90.21105969618546 1
45.682790565569384 71.74950843861858 1
80.68195990693872 43.78165447170016 1
89.87787621193308 37.31867042345984 2
97.30543938793015 64.0688402587507 1
69.47435166393466 22.104432870510603 1
55.42434277908578 85.31957665456571 1
82.09610453589833 74.77280617547189 2
0.04489057632547366 47.77025863484576 1
14.898781964817132 65.47284029367222 1
29.566321591300927 3.3958786636181015 1
26.562970369020068 0.1317798284349858 1
99.37777048392599 21.28435239820542 1
29.094140776010146 57.44696397873056 1
89.64779754996157 80.98088162355903 1
66.5354033146351 19.287914485680545 1
80.6104110798339 83.41246609270088 1
11.841657038986641 78.96336140071665 1
1.1717082317580618 95.3660486696021 2
23.87754802297507 34.09497199279221 2
65.90178228089779 22.395576656606675 1
52.86497439078812 0.7937396338666414 1
16.619406932898684 17.695999150446482 2
0.846419717607183 3.838819994601983 2
4.685533425714716 18.59294154808444 1
89.45953059616066 86.88048741616913 2
7.720638451371276 51.561777385261806 1
99.65461050658455 60.9269119475357 1
4.7266744239126695 71.0135646795661 1
74.93944099798694 1.0901399952497948 2
90.36425791542638 91.91244295617285 1
70.20595798558388 95.91955007287987 2
86.95226648995762 68.0561371275651 2
49.003132846703544 2.6790403789693995 1
4.069192624886786 79.91559101594494 1
53.09200153877005 62.03432684516442 1
84.53112597671384 41.911977173383775 1
11.420519911221394 88.01739475176754 2
19.710294367219728 68.24425433732763 1
98.92386756295932 30.800709819020522 1
1.8482712399193968 10.869326531481505 1
40.242397990820386 70.8232555970596 1
96.40969419965565 39.290477453156406 1
55.971410294170575 91.03914222538153 2
68.51829730378066 18.04946816902907 1
44.60082456944128 99.37653114354616 2
88.1942255754954 20.67319340824766 1
48.235074506681684 41.114518747063336 1
61.83512359807614 57.359067922175214 2
49.754849360632626 24.284597310756272 1
71.52317682780834 73.56700275861257 2
97.23666293635364 36.237185081306144 2
21.899254955054793 63.113302012804084 2
98.73007865717793 19.179627033326476 1
14.857968086041451 91.00184088388886 1
69.97463224791026 43.3882366223291 2
87.19863488537281 93.88973559295547 2
4.881398231848344 11.731246032403586 1
94.59692287339473 81.69952747278482 1
29.800584601329206 59.80399284525232 1
32.039203208629296 52.76540095914706 1
40.538400935312005 53.22111986108404 1
43.084714672441315 25.101174717172004 1
17.676513345335067 74.5693946278375 1
91.71405159050346 28.529494653998878 1
6.869862425093642 27.437382858451343 2
75.91787831559849 55.76689255274324 2
61.75866584308455 33.33360144215478 1
11.140976585259954 69.77009034966261 1
78.1807891176259 40.59537689144842 1
86.03773441242485 20.153676240392883 1
67.94487983074659 5.07627439364261 2
82.91057270177953 58.73374341774533 2
10.018462502769932 44.381635312510305 1
9.89474906985689 5.6017846880729305 1
63.546112962303525 89.57756970366526 1
52.68015419834286 97.73871577317716 1
69.28521672658454 60.16938698176772 2
95.51449412094516 72.0132651368673 1
89.05880983168353 33.45866481392598 1
76.56339922391761 76.13734052476482 2
28.777139577578737 96.83735870626727 1
9.505993415870151 56.44483303843021 1
92.98736173439352 11.206567066332507 1
52.14436625614827 93.76430503842734 1
90.12814797944439 61.77816509835221 2
64.62371479427266 1.1214591346970781 1
51.177519726998966 82.56779887659539 1
75.22907378474474 10.27550346267917 1
43.033913416754146 93.6359497371366 1
77.01259593181375 20.916895228177147 1
33.758190296952684 33.65500055830226 1
42.82270498918345 4.535580604748446 1
46.18521481920861 75.91792264043397 2
44.29554926906025 64.84633938859645 1
36.88825854848153 19.300372215784854 1
64.30258369417857 80.91090300212363 1
79.7101361967036 16.445941972809443 1
19.681335931166632 50.8778704676307 1
36.27211926047913 25.86696154983499 1
62.02557829586789 26.65597171767692 1
47.455457732294256 58.751723142798404 1
33.28160381620307 58.35356761141652 1
81.67482691466562 78.85457223070186 1
77.2017288635503 34.326230143026805 2
39.20973932653487 62.14964032979899 1
34.57961778621883 23.21719222059905 1
73.6762888949593 80.10534240020934 1
52.62137306622899 17.200179662996216 1
48.38643324367222 82.25958286855163 1
91.37435997194466 79.191390163329 1
82.70727868752331 26.12050933648209 1
64.49587618489319 35.034873701741134 1
36.55586997239772 77.88575827752219 1
38.89878808066478 16.913446700567004 1
41.4464533587679 0.8183955638934259 1
41.518488632658624 60.998566232770315 1
48.803688366335884 57.210872303071966 1
28.198275278152206 33.64488180146332 1
15.631297839296977 94.52259130150892 1
96.32291631343735 5.679739643213077 1
8.185897735903891 63.86568657733187 1
71.22081440999465 48.137678159939256 1
12.132164984392302 19.71401973439628 1
25.74457297376851 93.84425390908419 1
6.491277310820487 35.73535238537 1
40.90770075662293 44.83060820252066 1
32.83187892031118 74.08544391585512 2
78.34941125330158 3.415481604959225 1
42.749540675676826 29.091308537898453 1
67.20685770326538 38.45350550259432 1
12.025640689491734 50.58592386762212 1
56.341131648162104 53.964360335182995 1
19.83699472494752 70.9427497199408 1
83.72140662421012 23.573751016733844 1
26.21107379031602 8.796873763288493 2
85.03452298999372 55.93354854559141 1
28.159575712262974 1.6195336663070492 1
3.456724226221175 40.61533577069086 2
32.94797904541101 88.67426082542109 1
13.230659804093447 24.330263383680737 2
58.89810352739051 83.0233344029381 1
93.54056295541383 99.76998088944217 2
85.98141007184782 2.645016643541087 1
91.36522045905569 70.77236271283294 1
49.81638581025914 61.188897598664674 1
59.443301263528795 95.44783607643382 1
80.6396728657474 66.21515202685656 2
30.16169918867533 99.88953163079289 1
56.077565206898186 17.366565658828037 1
83.43106777931834 71.65387892223418 1
74.189665182554 69.47378062825238 1
13.98360976614541 2.0597013154112997 1
62.08786686902352 0.6705380592703758 1
22.631463508950855 43.25109099735494 1
56.01641293350001 33.66255288705452 1
71.56509509193675 56.45837483084537 1
41.3339480397797 20.522952449769917 1
33.893296941251286 46.25444040058492 1
41.38067826153888 49.170520177097785 1
15.71790828001195 22.0084582341304 1
52.72123329545582 85.82620300879427 1
26.037178623593704 13.046826035767955 2
71.45025402355502 13.963120964207343 2
31.34241845000153 63.5376678569794 1
80.48487592471811 89.92791750115931 1
41.41280825720971 65.36736768553367 1
24.909031909685332 55.109915139076435 1
41.752564351563294 77.45855830530243 2
70.84451178165898 79.75392077069185 1
75.53752164962951 29.610215543712016 2
33.1370779573696 26.14486346503374 1
34.92051073675846 13.026242088580597 2
49.95988153537766 95.51915944100209 1
82.02771643977326 1.7264461978922951 1
