39.83726972771663 8.897964806937031 2
49.96931539969353 85.15772749431446 2
42.66088883948799 39.48450694954594 1
1.9359273844969827 17.65897259213568 1
10.033407748317934 76.84169311117608 2
98.82709423907944 68.0430059728675 1
83.53723216519032 77.6135282615949 2
38.5495397146178 57.06880813492914 2
63.285959183655685 43.59648032572893 2
90.9891538345234 76.86168481856224 2
85.58908394311709 84.9162456851506 2
59.38316836175408 56.504591942826686 1
34.42592397087103 74.30877197281227 2
17.078769643181623 6.315041985009784 2
22.81168593681563 9.297421559521602 2
48.80313148150442 75.74102922399526 1
51.444579036763585 13.379974477823753 2
76.15622909208484 56.75726674907913 1
38.11229745291428 94.82894481485218 1
93.54818839465985 54.8940131372574 2
68.66974635555869 64.58530490625249 2
7.5947124528087055 45.75350425274285 2
54.15186212893652 52.25208792683988 2
6.033870177639278 68.08643635653355 1
10.118683317532284 81.84951492005722 2
6.141284434214656 31.3193465922465 1
20.820962652564866 75.13506291640866 2
22.728381003382815 42.13254480656955 1
73.52155437873313 2.147946236015641 2
27.58971407522761 61.4480175883884 2
95.56887515464267 10.732247123216677 1
36.86669017100096 93.1043166279443 1
21.549622184264393 90.18382635675042 1
31.264753471066197 5.453857493579162 1
65.09564886327524 19.176669836421834 1
80.75204939626775 71.4799408816688 1
71.63221611115657 35.48667187843611 1
78.90259885216453 33.60092879633131 2
38.02865143876789 48.76878638372665 2
57.53142402798982 74.95243310325783 1
23.40443851407137 19.01919930214295 1
41.30917369884124 97.39592934741212 1
17.76672371756598 46.70306326649375 1
99.70315729729904 51.45066686269855 2
79.35380693073579 87.58378938872491 2
39.76550190526817 46.30086992469489 1
69.68878048037706 41.19990164516981 2
11.046873668423196 50.79303790979864 1
75.25054019216152 70.50462844844787 2
31.49067849832695 86.5337978729142 2
71.26647460369139 38.06892957466512 1
66.74171597796914 88.26063605287327 2
0.5524615718079939 50.925730755301444 2
43.0664895994205 17.17687871067031 1
44.86226456734609 63.66748799262501 2
67.90618132726908 99.05349675268994 1
43.11497574046563 33.62859281258197 1
37.94408279466985 44.28618233160313 1
4.053578893738896 46.892173627969 1
86.53739381021477 71.50917836000387 2
67.69491176834296 1.6602960103188846 1
97.47874402408642 94.85539320349045 1
8.813454120849295 66.56956871579939 2
15.71115210878462 28.033324712564735 1
64.85694071877262 29.719706253128475 2
15.907799119428145 65.47176320819258 2
12.766813371528595 86.40620136956701 2
91.0097592963891 7.932206217010906 1
13.481215642503741 76.57938563229685 1
9.587018910141875 31.25598307823759 2
50.00138414097556 29.99652334898911 1
45.62410543161117 20.963672007459333 2
80.24541065611746 44.025471845887445 2
31.495270375358853 0.7159686481150285 1
48.76641436078709 99.27980886566682 2
93.13680184002963 33.53297390724164 2
12.202902422562223 96.18591197372578 2
95.78076142099584 83.04594197415979 2
13.616224979301716 58.623253135606554 1
44.14601273383455 82.66005632999932 2
6.897273475827825 62.27370327821969 2
46.414676567446136 27.67349025443049 1
16.94254929963965 25.345910395518178 1
21.280298844223644 1.7799127106493562 2
57.667955616147935 22.144419738239097 1
46.533502503484215 68.94506053200826 2
87.78789089147855 17.946827714798573 2
58.38027305436192 11.303412634257414 1
5.611121067133185 85.76767049993617 2
45.95518883728187 42.57124530050438 2
49.432896317137306 8.052962863792601 2
47.63973230654922 13.811625866138522 1
76.72050845281852 1.1164952916307924 1
0.861937800954371 46.810329686042806 2
44.738040438041125 36.641133035625614 1
5.837994360872589 17.012155872698244 1
57.82290804047731 8.067197625655831 2
29.82866033802678 33.28867118013099 2
10.027176327372144 22.990311980756807 2
80.37761032823022 59.47208557152614 1
79.90538593237878 96.91403574052778 1
34.208253367534226 15.030616801065811 1
5.2710262225178495 19.447812227572015 1
1.5760909557474445 80.57682824072047 2
71.78216811831243 45.90124581370107 1
86.20876479340016 32.24459910168027 1
64.81028045011338 73.78541488273713 2
63.04732674290419 70.33381018094923 1
31.21720721108636 95.86052972403206 1
94.52058124320543 66.23599207677778 2
76.97173334414758 6.17094432839469 1
62.3339386569691 27.452621638179984 1
0.10978539918198305 55.82899018667996 1
24.231818838885268 29.100779497978834 1
46.538718159134284 94.4582320918831 1
71.22323517084894 23.043077068474126 1
28.13727651346887 65.18703928480927 1
37.10409865940706 84.0991964750173 1
70.62927778787625 11.035901458258035 1
20.656477782863224 14.253356610435064 1
