73.69563496939597 50.12602239385168 2
44.89743316553193 16.586289049358037 2
62.54568969343766 25.15453352765458 1
48.79384099005315 74.33932371114479 1
94.79194097477404 87.62314460254758 2
62.07972832685172 58.28421875604245 2
33.96111982542398 19.733689444867785 1
15.390936819139656 63.79076759765064 2
95.8366538824466 46.46127334396384 2
27.443666871373306 99.11304179053785 1
4.468148961651497 48.84488238778665 1
12.651820419084592 89.50080925128239 1
67.50388231075976 38.36890765226442 2
55.60999283896347 8.47748425457353 2
2.266577573638384 77.2664982417235 1
53.029612169682714 43.99903938651657 2
66.34677861225705 5.95358103260425 2
99.52940022736695 86.38578158658618 2
4.893968735354037 56.0665752529229 1
90.57350974880039 85.80888771675926 1
94.61098944592639 13.875828124188583 1
99.57023839620912 92.52974479269913 1
1.1113455486045254 57.94598730732409 1
9.175448981948875 92.29113103119647 2
99.13655248594199 39.93285829564008 1
68.02792535893215 66.8989247093474 2
66.07210517346641 18.636465192015393 2
42.50816928343079 75.07886570289371 2
17.437254929858025 50.5170067261257 2
99.99301875990231 51.08454601661041 2
45.26434323379262 23.00662808446745 2
94.63971565826672 21.47177744120895 1
80.96038110686095 34.69413945721301 2
79.60342211153899 80.12492816648562 1
27.531576197846054 67.30586853022363 1
11.21402778778251 79.79186468945376 1
56.60774782327414 68.2508994317547 1
47.75402544245476 52.02594575995519 1
69.42466920473946 88.13633429381585 2
7.821224040710984 1.1111040965804841 1
52.71443102137565 19.413536462794667 2
26.501082731828372 52.44483278653435 2
16.69328252313327 67.8368919155504 1
5.698033575130679 27.97499502159213 1
55.19731460440234 63.82735837548562 1
6.412487842438541 73.32480552774322 2
33.864884159374974 11.91357999092234 2
77.89403769811847 15.111188703868573 1
49.84081626696072 85.43300050595218 1
89.12601839213882 67.08994998093712 2
84.16999304301328 46.12381494565385 2
55.401062088213706 85.65376535915198 2
48.55792717350187 30.283666836937762 2
53.65274970852515 53.67684057732285 2
69.42665238143168 13.945965681595318 2
67.33549677832426 84.70495499455146 2
26.305490165147404 80.36769430074744 1
91.58546364082574 18.723707442278304 1
60.47413960930152 24.868422809303357 1
55.54114419460808 23.851238381715323 2
47.9172194951344 98.92889587012569 2
28.06552826923663 35.08818091330429 1
18.788012561098753 11.477171289321763 1
84.62686976888823 3.4557423443265955 2
80.5336041016251 53.02900496991815 2
93.63046102323682 62.01229212894277 1
99.52735135954056 5.592081578404762 1
19.427401368997643 29.603217668319903 2
22.0388579173716 36.56908394542309 2
80.2669504172549 82.90486153422457 1
20.738535205085284 81.82645916189735 1
76.72954991719662 88.68576385557968 1
29.054689019946533 80.99400980971137 1
48.59714560467967 90.99947781128685 1
38.13756609596947 46.77759332902648 2
30.025768877412638 32.62910762597724 2
2.134553070263656 86.87285412780406 2
33.56188873188572 39.20947835520895 1
93.55776382229523 73.95676288211372 1
9.304460121237558 45.595030420856794 2
80.9285801852735 22.996103062395147 2
99.10581433113606 96.49458337239096 1
27.321883553077186 18.147184838694365 2
40.55388647021061 14.468825273930118 1
65.98580793309729 72.44930462884847 2
6.246815096013147 51.84602564716987 2
99.76868098746515 79.17684866980318 1
87.45485637049258 25.089513730063818 1
22.288383736010076 48.82508948293661 2
40.4630306420636 34.348033536306545 1
16.95672446866402 8.952484739619193 1
94.20152984552668 8.971764018275453 1
8.005846445208375 8.607123850749787 1
95.64045153406494 17.76331086077527 1
37.669819809817895 23.17150394495362 1
1.6227260826453538 12.117239747912533 2
67.4073208433362 2.4513405045825665 1
37.67334456585411 19.35428471990749 1
95.1110348591817 69.26031698251442 1
60.382180366465185 50.75563850641143 1
