53.013379790851104 29.275695476835615 2
26.53737868546946 33.354339785763074 1
42.301968753273314 47.29751917967329 2
66.36511873390182 72.51167338552573 2
48.76692138017202 51.23862283264745 2
17.543013787695482 9.251412740244724 2
68.63176740668531 1.545450754764477 1
1.8666550025552509 51.92470507929809 1
56.391973795345464 7.572357642317451 2
53.643313747680075 19.364365185533128 2
4.221394637068454 21.576298246773295 1
8.066172284183459 3.989947379983838 1
15.745323935837408 71.50494254717404 2
65.08178089179873 82.38016959975599 1
69.75071152360476 48.700651665647754 2
39.84795051087158 5.666024918037815 1
73.63368897663031 29.79445287861583 2
57.21378142545556 48.81584322024815 2
73.42929468328148 40.732813872365014 2
16.24942064743943 0.21914508347929962 2
13.339002776932407 83.79220125204971 2
95.80646724863699 35.61174272961174 2
82.80057192899831 49.50294340763314 1
33.13597678513071 8.153466375557928 1
98.95763846820341 69.9470981755551 1
68.5470852104941 18.262823473356494 2
17.48177151734378 18.50951940159614 2
20.38843456129362 0.6950540221359991 1
11.862356461038459 19.975244855527883 1
52.26905790178942 4.00672821038931 1
41.14302371796818 54.1565893926194 2
70.62237283772978 10.8402075984945 1
9.47667962078851 52.075965409849914 1
74.72094805457064 65.20562033962533 2
66.22654124008348 22.253233553709617 2
68.17991887888262 37.37018444941529 2
22.56092048095765 97.60367310091492 2
70.16090788140494 62.72001684764737 1
55.63130265546965 54.45150143388745 1
64.6004979966165 8.118174159530723 2
9.390569797690617 65.05727248884655 1
59.35689957375485 11.600647497480942 2
36.99526912219051 56.328178326330615 2
88.41952021873804 61.406009313319935 2
76.99591343775629 80.16415561374973 1
66.24547962710028 51.446993316550305 1
96.443923395476 46.13299274181797 1
14.507207135056198 2.8566284470124104 1
48.652996900611654 59.170940023821004 2
38.577436415577615 89.80502036781934 1
89.95459561361976 9.49785077960643 1
13.618119574507126 46.12371759680741 1
3.094394706686854 56.1500643577323 1
77.6339731682909 28.081090919308604 2
50.10849949985272 15.331593138284283 2
24.03061824686662 26.547320197282797 2
94.17343464205489 41.063070432613856 2
55.71116161851604 79.97110354468361 1
79.59640265126166 14.637041836530729 2
89.8671017197924 38.25094156821795 1
26.529754996143517 93.18540957864518 1
28.217704698085523 73.87408604292007 1
67.84752499878994 92.9567523370811 2
10.940851793255234 87.90361096203567 2
42.954613966572495 42.72599373238042 2
83.53890110804238 37.95513117851429 2
63.135945781590166 41.20075240425339 2
57.969736536208984 53.97265886795748 1
30.419092782105885 2.3677279670771822 1
80.18885709879098 71.06594690789917 2
87.93893051641044 25.868347769171883 2
31.670696801479338 42.766437980760166 2
0.4556266491958727 76.55356497440943 2
44.195040993527456 35.822708195966655 2
45.26009696725545 86.21823406679377 1
72.62520769308676 82.1524324631121 1
14.54621964758701 20.302965321446464 1
39.137750355454024 75.71162016195305 1
3.6445154483575326 1.2882105854796988 2
49.774703540067634 7.374298569459747 2
4.181702047663826 8.454474658496757 2
22.051950139314023 85.03448790386729 1
48.442412041046765 33.05451593918316 1
70.82691165240878 89.58319528801478 1
22.1226943843812 2.8320080748016174 1
13.782014346441008 76.9361022367683 2
91.01480280589692 13.448107721909064 1
53.912265747719346 38.10578143358286 1
35.86197622697688 10.662836314909118 1
77.56780270838864 61.597522751322366 2
2.5300468001359877 94.1676563903599 1
58.98495795630924 35.52801734750176 1
95.09945912686732 6.944842021156439 1
5.435531473407307 78.26228213114787 2
77.03448073099962 32.21255996645932 1
27.144114038248567 58.27141482729061 2
88.9938695801548 50.92907577509077 1
42.642719509657226 62.850654304037704 1
59.97161961500558 99.40790394349813 2
93.19693066035244 75.96134272154087 2
52.76476770866516 78.79834692875315 2
1.7504415731894762 41.87751643274941 1
47.0837623179338 78.5417465943161 2
0.13121908905386892 67.3693205691257 1
28.441319593230563 54.31324297164931 2
73.27064647411922 77.29129684906334 2
5.945451412577462 67.5493608027509 2
38.75674444042612 95.48998778343304 1
25.788270898866994 41.29809260686626 1
73.88351598875985 9.955824326675 2
1.4471781157851638 32.45251799938364 1
96.41022735366694 28.074335544619867 1
52.04698723311043 59.70468644148269 1
95.88134341146927 55.352288880655905 2
27.12065563599606 12.003931460006367 1
28.81013047964618 37.90956926940362 1
2.9397874162745308 38.03352017900108 2
95.05542267947473 63.09806928603947 1
8.34597398013931 60.02509406352365 1
76.58486231454006 84.83961940865211 2
39.00813189085704 71.17975561264532 2
66.90398871336389 78.35041874339925 1
18.30134682647354 32.5467894606338 2
98.4351310509439 20.748195030331885 1
41.532147020372975 96.357100463398 1
85.52808315633952 57.60160439317181 2
10.587635639244864 24.943672205453826 2
67.45826386695947 13.43360895978959 2
4.69852922030547 4.140849354830866 1
70.94633928785755 23.421823947974307 1
63.842267543058476 11.420569149264937 1
3.0063151261446763 43.784250006742354 1
46.060264510872415 15.716965362660751 2
51.63972227419874 97.8469962616241 1
0.130875250749396 70.48100801029119 1
39.19089890154107 32.63996050793929 2
42.30087774405028 76.22594604553734 1
19.307258616424015 74.3188484942814 2
49.92742913052953 42.54340278070761 1
47.955849445150264 47.58771602830599 1
62.22857081510863 56.07875717343012 1
49.70237864116142 88.56490051325426 1
0.4592663145679299 87.74902494211312 1
23.192263784930354 54.72093209965091 2
9.100328615038944 96.8020546014656 1
75.82675056985497 20.524983469937787 1
35.93101516037718 3.2891285505130985 2
32.37559945106751 16.03312808958818 2
6.726963831430854 6.583251271214863 1
93.94219781541386 20.347501837769123 2
52.55354996693987 13.547455854838297 1
7.106527987515731 12.922092750777791 1
85.78759921417469 4.1742821179258875 1
62.991355107581306 61.76620076992355 2
57.39033170768396 19.094113963904924 1
70.17415222797835 41.547129490719 1
42.01528693843384 84.16881304022253 1
85.7661761915046 30.101787558981908 2
83.54274141743491 75.58780363782708 2
29.305798370543013 29.11555586545489 1
11.40676107863474 67.01673627270766 1
97.97940259468052 85.05780782576547 2
58.8642841170658 60.520141463948406 2
36.31283461402892 17.948429461784933 1
85.07728682712371 99.11946185959005 2
80.5353417382863 88.61630171817686 1
26.558770527021224 2.252753933991325 1
25.463800126371282 45.88988064935451 1
96.08800978585307 97.45032867231328 2
7.475044557277766 47.56092038001775 2
18.246416954253842 4.06955893601586 1
82.74289241389405 93.85308991316224 2
79.9739336093116 91.38802672397861 1
21.544285572267828 44.160730004816564 1
56.69331249191379 32.03565116614482 2
15.98393620146934 66.43019766401855 2
56.541196848462484 94.73230842993694 2
16.896391527894217 90.81757261585564 1
80.0373635664057 32.51991800624546 1
89.28190270291087 98.39891769900308 2
35.08698724894997 61.164431381843954 2
88.63944617427848 68.18192987015219 1
34.55571666296602 49.22755567071917 2
96.15409099966648 80.71763129732622 1
72.90154251630321 91.41249521944235 1
18.787442452692893 37.228867527330756 2
28.409322999349897 46.962042040841986 1
37.443638181044115 80.3914894629345 2
46.45868543396926 43.493578706556605 1
90.15397885258184 1.5149760597237605 1
56.31196126022907 84.15519706736274 2
14.721872293667404 53.045321765001816 2
71.86950528519758 66.44984809425667 1
55.96753985292011 69.69668748156306 1
10.278905869664456 3.6804963275649305 1
32.57046449473084 5.948767530503152 1
46.74164310945024 67.63501410524388 1
56.40404175033276 38.940298265186925 1
51.252553742333006 92.39576059159128 2
65.48993380075613 48.08340638448531 1
0.7987282002865359 20.30837243465292 1
60.73168781850633 18.90156849173653 1
82.22007283586751 8.12025410909457 2
2.071757346455061 15.903300292526234 1
14.047148474740778 29.262677381440415 2
30.670357061118825 91.88563870655418 1
72.71514299968338 45.88890739284916 2
42.98504903508875 89.27564490874595 1
87.66915640597628 22.34873450528895 1
58.66769866820003 91.49138474939379 1
97.95454289380633 23.169581203309207 1
23.349117186078118 61.82044008718698 1
91.24140274586428 41.85298679760506 1
76.65554823827348 1.4860221318444222 1
23.44521839417957 12.533827667432739 1
84.99158137565126 17.78047717757788 1
13.893239525098899 36.17805543547365 1
64.28931964033087 92.58332872310805 1
40.813660049435654 27.86281207023563 1
70.77415704879917 75.27719661529946 1
47.55232603737154 11.21064450307262 1
75.62369339950803 88.43427843277098 1
