0 0 2
0 5 2
0 10 2
0 15 2
0 20 2
0 25 2
5 0 2
5 5 2
5 10 2
5 15 2
5 20 2
5 25 2
10 0 2
10 5 2
10 10 2
10 15 2
10 20 2
10 25 2
15 0 2
15 5 2
15 10 2
15 15 2
15 20 2
15 25 2
20 0 2
20 5 2
20 10 2
20 15 2
20 20 2
20 25 2
25 0 2
25 5 2
25 10 2
25 15 2
25 20 2
25 25 2
3.0 2.5 1
3.0 7.5 1
3.0 12.5 1
3.0 17.5 1
3.0 22.5 1
8.0 2.5 1
8.0 7.5 1
8.0 12.5 1
8.0 17.5 1
8.0 22.5 1
12.5 2.0 1
12.5 7.0 1
12.5 12.0 1
12.5 17.0 1
12.5 22.0 1
17.5 2.0 1
17.5 7.0 1
17.5 12.0 1
17.5 17.0 1
17.5 22.0 1
22.5 3.0 1
22.5 8.0 1
22.5 13.0 1
22.5 18.0 1
22.5 23.0 1
