0 0 1
0 5 1
0 10 1
0 15 1
0 20 1
0 25 1
5 0 1
5 5 1
5 10 1
5 15 1
5 20 1
5 25 1
10 0 1
10 5 1
10 10 1
10 15 1
10 20 1
10 25 1
15 0 1
15 5 1
15 10 1
15 15 1
15 20 1
15 25 1
20 0 1
20 5 1
20 10 1
20 15 1
20 20 1
20 25 1
25 0 1
25 5 1
25 10 1
25 15 1
25 20 1
25 25 1
2.5 3.0 2
2.5 8.0 2
2.5 13.0 2
2.5 18.0 2
2.5 23.0 2
7.5 2.5 2
7.5 7.5 2
7.5 12.5 2
7.5 17.5 2
7.5 22.5 2
12.0 2.5 2
12.0 7.5 2
12.0 12.5 2
12.0 17.5 2
12.0 22.5 2
18.0 2.5 2
18.0 7.5 2
18.0 12.5 2
18.0 17.5 2
18.0 22.5 2
22.5 2.5 2
22.5 7.5 2
22.5 12.5 2
22.5 17.5 2
22.5 22.5 2
