26.211882164208134 75.91475043503573 2
39.28662891881666 30.722619431640453 2
58.2256361277917 78.5341285413305 2
39.81584651846476 99.04884404457755 1
4.571854022463151 12.734024587874938 2
1.5631129652250664 15.766064847815143 2
47.56177186378741 64.63437825084877 2
19.24923169790539 22.355151905752834 2
91.86142997691672 39.83009783522834 2
73.85844669483569 23.47664403283094 1
71.22025300346739 33.45262303359349 1
45.781526994284604 45.28314113047331 2
79.9934980064614 86.19585588190046 2
74.61136890793367 1.9978977460769598 1
3.7218368714019956 33.564272432821774 2
23.07781704013744 83.4926819995022 1
10.89265349605194 52.94228834196765 1
81.4029739555953 13.678162909332436 1
82.09024623258479 70.2631565423186 2
1.949347595790285 30.91606681181388 1
2.4257087205849404 5.797901882905077 1
66.00881041760594 15.14380395394147 1
94.94842097631255 1.0601079714690043 1
66.7207580677224 78.80753456125127 2
97.19970076193253 9.264481350012478 1
88.78448774117854 24.78993700484624 2
27.463609283111122 54.55100085051119 1
69.21248609840761 13.642636664491913 2
28.826968444815037 79.57267500642038 2
25.43802899684666 56.97632413578897 1
92.21845864715131 49.02190683524026 2
56.8799714069963 17.043635094308883 2
61.50139888878742 33.77356070565379 2
51.63422896555182 75.51698471072925 2
27.727594807673096 0.8084815814136781 1
80.29109939581357 18.14832599998969 2
52.10402276387824 2.60440019491458 1
22.73660816281695 10.729741207542853 2
31.102450340242083 84.53855199041718 2
31.334558182268214 94.13071501880985 1
13.019636443057935 42.97253861871886 2
95.51407794535672 21.78694413353346 2
48.476343990998046 79.28818637327205 1
48.190617328781514 12.711066863147636 2
17.879232717259576 42.312008412038814 2
23.140679406982567 63.49110098842941 2
76.58470333363174 65.08095634900009 1
19.127483057895013 61.866746250841175 2
76.06738487339175 27.064195155004334 2
40.0448380427472 13.867159020360686 1
75.7767122036786 99.62987210807441 2
30.97654398256099 69.55567078967448 1
35.47993579306792 32.84506653148358 2
38.754668818387984 57.818665571295156 2
11.232897710834699 49.40860104152349 1
69.00331426447683 61.84514113318994 1
76.65549239992771 3.8669133716435877 1
54.447464869103534 65.60428826673873 2
73.74872079209192 54.10546246520559 1
83.71163788729005 44.70220481950794 1
4.668311143124115 47.394342932223964 1
63.59466852211389 55.33065712333125 2
53.651193836966904 79.87858337082821 1
66.52688147422948 88.05997641012023 2
21.034795180846356 35.608292535896744 1
90.905860493386 65.07028032823786 1
3.1933131420988636 80.30255866823406 2
78.70215501365412 21.588558698072603 1
87.73135814176479 45.36147916285563 2
63.643990997709935 95.52635669777644 2
83.86558082618178 61.42671352935499 1
51.66704577745689 20.6275437766841 1
92.45230040965733 44.48340437714163 2
99.94725071131263 26.273273698586983 2
54.65768195659769 4.894796935947642 2
61.10745580598101 13.890680392863363 1
72.86337902704781 62.55189808036251 1
76.85871509883282 70.11384560751088 2
8.834913401105593 69.82023046874424 2
41.37939828326815 9.748495153858416 2
45.7156848512685 20.344589818516734 1
25.402669111055186 67.04958598179314 1
33.84114482290491 7.64501194692736 2
76.98376741365335 58.91683013629735 2
29.06381472165773 27.122759427210173 1
7.5423377698369265 35.96787241403825 1
69.91739634417061 86.22045469118443 1
41.51806142753419 18.578956277438653 1
89.69132981625994 7.094458360705347 1
21.53567365548121 2.977871795618614 2
75.50966877002575 78.974366137646 2
90.92949256150084 11.57461150884207 1
11.302112445153867 61.92275741958619 2
58.31944412429502 1.9811206319362173 1
92.40000743266636 80.21430921293133 2
64.87640317575834 59.21605377129051 1
4.509836656409483 93.06877224971518 1
12.805316663791066 22.74030046577309 1
14.908455700641888 16.625187894665405 1
34.2569281299235 76.68523243724462 1
