21.40949907855374 6.9294667747169525 1
36.785853099548305 95.00659060952775 2
57.69343978462512 69.77729165469675 1
39.925506099273214 3.6962555907875227 1
49.79138401423919 62.91586894243431 2
98.40974048641333 30.138961790035466 2
94.49416624935752 85.4916918142483 2
21.61803749365251 57.55603545631064 1
24.519860085314725 6.958331212737445 1
37.91785154630109 17.39328554878926 2
71.1489149336477 10.074660332227781 1
25.70176838695948 53.61703696834507 1
99.0398135069043 34.84723685642139 1
14.875164839454946 84.446419138628 2
71.83010904951752 18.776414189257107 2
40.63498402068447 64.1855560763923 2
35.88800800830707 52.82287003148658 1
10.75278397679542 67.87779283008797 2
2.539815547478741 29.931487288166835 1
62.43538779938251 64.3139583055254 1
