21.549153812224333 67.25488453173215 1
25.46897569793113 78.68784474513126 1
41.35935396589478 42.369760565090196 2
61.545470423272896 40.64038094402209 1
18.248496885155387 38.753044863757026 1
53.626131550531234 33.409700203353765 1
27.640590842600577 41.81127095946844 2
35.21653811736603 39.01670913452379 2
10.13590149045771 92.17664120845814 1
83.2558973852914 88.45481846030494 1
18.834422432130083 92.90186385907623 2
83.5238074354362 56.3602830825753 1
79.50573049355778 27.09495485558202 1
31.06235585622895 75.85843109846176 1
44.06537798201309 34.77028361592453 1
86.76081699352322 16.634920995672353 1
59.68683994261491 11.438267194938378 2
40.31274212224901 78.46499910416466 1
93.67882469310842 50.39970138284918 1
29.616157055279047 8.89252716855684 2
36.31403998730536 50.78405254170894 1
28.16690515935726 66.33457676295762 2
22.734826337515013 86.46953698770363 1
62.188698369254055 37.23388835783894 1
92.3011586175562 31.868855890684454 2
63.80802560387576 12.181539179573642 1
49.56734749845769 84.5406717334464 2
74.38633990213303 4.513452668108053 1
42.074573121230884 4.225628251331637 1
89.16618782825435 27.657650041628933 1
55.00243682709506 78.76047764428039 1
34.64033575061821 90.37336908165027 1
27.507048262594346 72.3321286629341 1
66.89441258681171 58.76383698552085 1
15.389545226061118 59.050810741231096 1
14.435862675072276 8.831599858995665 1
1.540568212257043 12.244475762835261 1
85.7804231075675 62.581654607565305 2
47.10071883008607 33.00652833552958 2
77.51445880651045 82.02138153547156 2
47.80588344803092 66.71631512275601 2
23.69560132834847 54.38738929816635 1
53.48533349817153 72.62725723211798 1
97.7454880505776 80.16419776011759 1
63.92550027380779 18.91455663643795 2
65.35168489758466 96.84201080547157 1
11.537141253734195 42.41960612508504 2
82.89265506308291 46.937700068337776 1
53.425981895835825 92.45542688967005 2
8.090707825673803 55.47683674886697 2
30.32378439095622 28.453104067764666 1
82.54552532840145 7.885647353970793 2
14.119110946685565 81.46842636473902 1
89.63675060445001 38.44283098529861 1
3.741148225104274 49.00231312871494 1
91.43244558727197 70.3176194946528 1
99.82379264585602 2.6319044874084208 2
59.3079853479897 46.07793236402333 1
14.547348651282988 20.339942916804677 1
98.3030060838449 71.8231315408426 1
18.271748652678998 67.85475757763774 1
37.31599456708897 95.6740559845989 1
35.705337792127565 55.47597274315517 1
48.52746097965942 19.355004839695354 1
43.01546371120849 99.52655759135675 2
25.73810339906779 90.38905455016855 2
0.19309810003635963 92.84538267800481 2
81.04270976940772 80.04445090035655 2
81.50583542801111 85.03742685274341 2
28.509537102659788 46.99161989277665 2
94.01395305087841 19.767989049339995 1
97.71296589242209 74.16953065006311 1
42.65989017853165 78.01220555793101 1
30.813978023441567 73.35135671776895 1
47.058523721395 9.659906976042365 1
86.19575811817505 32.55506474167058 2
53.075941207573386 51.61770440480805 2
56.03216990063047 9.633423371689954 2
94.57585306625442 92.04366687387139 2
5.112032809747335 65.71773121335963 2
87.34091577555527 87.56744996206713 1
73.04658201344412 0.5765558540169025 1
0.28353800694164155 2.5210257161005223 1
70.66560233302734 43.99301320146838 1
86.19980846193677 13.451629655516939 1
77.82449773797546 55.57017744884429 1
35.8366479546747 28.256769670814585 1
40.57154368339923 13.239072122603678 1
19.69814873674173 81.7292448458626 2
16.71679439462611 35.09312960131423 1
76.94275682943002 64.33853467781445 1
97.89281226615581 7.13912652049663 1
99.54520832814868 25.08312060091208 2
54.64843384468799 44.61552087535138 2
17.18960738549662 56.6149691957377 1
52.44295541129698 68.04657128089119 2
52.15432001563901 39.45113805963669 2
86.32284339939503 20.48207349052674 2
70.13807790681275 33.237449319484504 2
78.35219566826281 33.31503718475588 2
72.49790979385723 55.21786859263623 1
91.11117096162572 61.75388429879452 2
64.82418431121593 39.583901785512545 1
98.60043537482598 62.70819178843533 2
25.890359889732995 85.42302514991846 2
34.507722910786796 14.826532418591764 2
2.1155126612499298 40.476686925247876 1
16.601102236814935 51.116455540665086 2
90.11564898596592 49.800014021313565 1
47.37942222338647 79.80163475847837 1
