13.543830414418867 18.241505560757666 2
30.833297967745455 57.35945477042881 2
33.01560656617595 17.416406784631487 2
20.224036154040782 20.175681932691624 2
10.235902684361985 83.43687083793135 2
14.042233290323525 7.72212307785225 1
5.0482949175358005 10.140664112927912 1
51.783469585660356 11.738625820145465 2
20.855043575140776 55.336336805061315 1
1.8475058398355948 57.68984713132996 2
93.68677994238645 20.62701308812045 2
93.60054516065385 65.70088985041716 1
77.62635263021023 75.31735653671106 2
38.93264195003844 11.394939373603307 2
38.22542838270305 37.524428443168986 1
67.01123468475981 18.610825499717766 1
74.72364893690491 64.39695031057882 1
81.02950816917793 6.243417712526156 1
59.84505300772145 63.11651091093954 1
36.50873448495998 63.6339886545356 2
18.851344463137277 3.0627944352336067 1
85.09797245384225 69.44960841608957 1
36.19059797721709 4.9512193384453 2
73.21524451703436 14.303258832154064 2
19.523045344964096 69.45138147373233 1
51.12604942775214 88.2123386903204 2
38.2324036120409 49.63431079812014 1
80.36873947671901 44.315060815892934 2
32.22736204234609 4.035786137552099 2
87.12272746636567 74.19788196312221 2
21.54773832662181 77.1078819475116 1
88.83484947614599 70.80082616428203 1
41.295671100795 41.31413124403086 1
60.739256126534656 77.05428941129468 1
70.03147396796616 44.101924729524924 2
63.16028700971464 66.06192408740904 2
58.52970153489243 34.80364408477088 2
56.93728471025097 5.8040976851501895 2
13.606757944378634 13.792130785735546 1
1.6017726401549526 78.00071489661482 2
53.604015953778614 1.6519282685893089 2
8.841809344742346 44.19378361725417 2
14.795202041709398 60.52033876285869 2
21.507809031426326 92.09053496614999 1
74.46354145032859 2.2753376028154526 1
20.373932011709684 73.28916505330643 2
9.089943763285302 92.68764635012907 2
89.07546310777371 77.19133555760017 1
25.884267438956865 9.8605352041364 2
85.8562847206134 7.026942652215773 2
26.65083190606019 99.64540542737903 1
92.13952820674962 16.94649726863894 1
26.201902161019575 39.74034767993984 1
12.831620840141655 55.60588455811488 2
29.513909546110717 20.718939801029368 1
91.6602397692601 36.292898822595824 2
24.344251317886677 98.10986249881772 1
34.00043770317699 75.48358408216231 1
54.048778429987266 66.74611542015577 1
30.04105105528916 11.4049632493062 2
56.93659747260994 11.001689103829182 1
86.60023997904608 92.90539340904239 1
11.826031188026388 35.27168454320855 2
91.18921032381179 72.29515596098824 1
68.70290692257022 67.28688990537809 1
40.03541306888284 94.62573238048509 2
27.070225637541114 27.41918859746252 2
89.52176169952095 21.137012591371974 2
33.500844891228375 69.37082029936997 1
62.29309948957871 8.776380269544203 2
57.469927216982995 28.83130695863366 2
52.30201540359588 59.44844681117261 1
25.18736622600406 62.80091097496901 1
15.496153039281745 86.97156707061053 1
88.99371154052719 55.469402497208584 1
49.6738780109737 26.908492650762582 1
59.387885182325874 59.51275266011551 1
63.22547063961957 48.060391678555035 2
45.02068234878723 51.38619406036169 1
53.010359666364984 16.746153402490883 2
0.934070018408284 47.64020855031396 1
60.716927723737335 14.98219378558342 1
67.70388696027085 63.14830242441673 2
94.48239998423456 51.6346372331346 2
46.9553283462795 21.30986022436302 1
65.33053241516293 14.3246312292161 1
20.274736681066663 48.684735807112524 1
85.04662773539832 82.68745921338207 2
93.58169038181885 3.5649084190142344 1
95.62944186802466 25.83282246066997 1
86.76043163439948 29.99115334766206 2
78.01706678420183 99.37481805033283 1
80.98961104312792 79.0159345579559 1
83.34883458355688 72.55757964591835 1
87.4225518470334 13.142299671400293 1
66.62422412202295 16.562060137899557 1
86.24279609780405 1.3150662640369237 2
13.358588672549077 9.698366967204953 1
47.699320205260555 48.38580019294913 2
35.48731249770442 72.06077351640816 2
39.31471389225045 35.2963216199353 1
12.484125320813998 29.69148004144856 2
12.542006036844011 23.243277120199558 1
42.03395600253172 82.93251247005148 2
16.00359757592257 66.08411850879111 1
63.93676728349392 12.07517347381135 1
83.12876904863283 37.189138444307254 1
1.2991756223525774 42.06544324592787 2
9.633207078385464 77.20397685349536 1
44.30680531640593 29.368102171678544 2
42.541260268029546 5.625470625979201 1
75.68549072951544 9.701442017466189 2
96.09108159951624 0.4252170471761296 2
50.281389994060234 45.27400468424104 2
99.29292653955956 44.02370208894898 2
79.69474013037089 89.64747438671407 1
10.997816190163467 50.05674647302648 1
87.624896935223 16.93528510549279 2
75.52207684020206 90.28493354498897 2
65.3120424707994 32.79411756193058 2
25.180716411573968 35.25367080983647 2
71.90368657418422 61.682441569818266 1
76.07086069808416 30.671075692033067 1
3.9547630943910783 36.847220240951685 2
43.80828723859006 75.17517526744292 1
22.774108266307667 1.9458349684999487 2
39.348622801466114 3.138058878148753 1
27.11787640825749 66.1547497796976 2
93.01613175335707 44.57275998894663 1
46.288306309952034 59.25682210637934 2
53.05573278825163 38.29627378496488 2
26.69596053671478 2.207133076743273 1
61.21096044168475 56.52620892695398 1
37.84032318608964 27.560949717970384 2
24.098314989951252 25.161433419666057 1
48.42528690428565 84.73334384872277 1
85.79242797018114 63.64348509012665 2
8.966666528599221 22.91283833442175 1
57.84690882063136 1.3503703532765754 1
90.98011871289087 86.82966364314744 2
37.06645537089271 23.434590626490838 2
57.38829201285163 24.44286518098362 2
71.49263026141045 77.19957632290858 1
92.9986321775584 76.32084276654571 2
54.51034505523881 92.64678661624977 1
90.31834895902097 52.462114849086724 1
91.61246518917851 49.3443138935829 1
39.54637887088861 75.64445555653911 1
61.10033853870337 20.164036251299976 1
43.931748373176795 46.40365735444695 2
48.709986490481846 65.89728469346505 1
85.14739827883241 40.59269128660708 2
71.16466660859541 50.86723373205275 1
44.806399917868745 17.26302536955543 1
61.318931705306824 1.884268512752174 1
98.42376639025271 80.87893957432101 2
73.56576791162198 34.93504416971752 2
95.62861636258523 41.79312694901108 1
62.685277299528764 58.25722184693384 1
75.42542491237731 18.37051589545856 1
15.097768015449597 77.85861673610665 1
66.7055717886822 44.7037301935476 1
72.13117858313947 84.98234222837385 2
66.00279815355881 95.8327331668652 2
59.96220496817355 99.29196381471348 1
12.529335905924842 93.40377615781566 1
56.70568862864519 90.43614949818291 2
38.79171852573716 56.180291139739516 2
22.270573024372087 36.20504174614424 1
3.2479241936362424 54.04781355205904 1
39.364727742311366 85.32139095270857 1
97.9913270749072 31.464260335743766 1
47.79573266989227 96.1275515222851 1
27.891756766081887 38.439130984060114 1
23.41304220622452 17.001215304188243 2
64.80537162637286 73.27388007603572 2
95.92301974393581 87.33610131341051 1
47.018880424975094 51.809719541519094 1
19.647334635924995 34.43824310243787 1
71.8301004038979 5.142508861791351 2
22.152422514721117 27.04858405794698 1
7.369105065749892 66.5176899967824 1
70.36618180533237 98.125398648055 1
65.30364937767011 91.35981389977267 1
51.090316102728785 52.53430286299251 2
96.96460596500559 6.268339700944303 1
43.65673195591124 99.43851788455108 2
30.440481674961074 69.75317273530122 1
33.41168990760427 44.194498623601284 1
56.851205344688495 51.313479826468075 1
16.87700745681334 16.390868390841064 1
26.805375888812822 79.48080376936355 2
87.2998563209182 46.43551905116979 1
21.260520180669374 4.628580464230603 1
8.240454033607591 19.861563234191458 2
43.352322064011474 64.51972115240422 1
87.19593767728644 56.90727021736728 1
16.016215069121976 70.66599214306812 2
87.11528474027574 50.69684270447601 2
95.36735964934971 62.7988482082116 2
70.77270014490693 57.980018029718515 2
9.546882363664078 87.37710722265693 2
65.41667990354458 5.136712281214928 1
22.427272535724708 82.4780893005964 1
97.14567572612144 95.55881653953696 1
50.64180942596437 35.81670527262914 1
78.80080841791106 16.331257313196602 2
25.935884788542218 91.25948247606019 1
3.541501105204603 20.53560925268938 2
66.4937356289704 37.86980924401044 2
99.54859154278857 59.58550314639406 2
58.45745556854344 65.44923461256691 1
39.460746823565565 72.32010605374104 1
98.55732613475521 92.779462465078 2
92.52127891422131 29.728540318949868 1
15.859876955823527 1.627672553399584 1
99.23646570125723 52.571667833185906 2
7.2444191643315285 62.86736365832868 1
30.32734584218456 25.24963301944343 1
87.47219655689624 24.974027525338638 2
65.48419406649882 27.041647956705006 1
95.75485953419143 68.00199979489255 2
84.5037440916013 86.39036674364033 1
87.18325458773552 85.23936014969067 1
57.89587410082846 67.52550500655083 1
83.06700507213269 89.14980504243243 1
17.20728866641289 84.2990238744428 1
64.18877103794688 87.76098333785353 2
89.43714655073707 57.79814333578774 1
41.82025426314829 0.11177863977012148 2
78.66453556257493 58.5645005105167 1
26.14168153682681 46.95760120965675 1
51.95952020949798 7.640756844751174 2
20.196033186781648 45.29375139687711 1
25.935878359970776 57.96583895058729 1
56.91638842195689 18.418788399438068 1
42.69114149632194 8.929114209449086 2
55.911457326475244 85.07194557787483 1
22.793868697256137 30.161026789052524 1
84.19086289636584 26.239347979734596 1
80.63542042839829 22.326748688288767 2
99.53029195695828 22.20928570055143 2
94.69618691889644 85.606218323262 1
80.77838857762964 49.75634253570631 2
8.487324587721456 31.400218041531282 2
20.13589423007002 8.844673225671151 2
65.85530798627853 54.755953124379516 1
24.018624966009817 87.13121722369563 2
20.524416636846986 81.44033779456882 1
0.6596725083824806 85.0536183121378 1
14.478750681675233 37.992272040448796 1
44.90666945345529 84.03577823036241 1
13.898280159856835 97.82354463537501 1
4.043178007858228 1.39784670563734 2
89.96054639034409 6.553729489026816 2
85.46604486034853 99.3824701547771 1
8.904614739808615 50.68880693549549 1
67.5097685577047 1.63987863150854 1
53.50398874195547 35.129630277739075 1
3.8534520718385257 7.429167550495763 1
54.03074013209343 75.18906842768878 2
78.59263034906783 70.491726943136 1
22.728231529627884 43.75336928250888 1
18.043604008736914 23.809987832123824 1
35.830647568329475 90.82073941290328 1
62.62057999118983 28.739850243800646 1
56.14486112987949 95.97933610065202 2
8.255023226539892 99.88471864281998 2
12.877641856537869 40.58002570714865 1
33.048440120285164 22.491368527009627 2
20.855683884928865 99.73870642686691 1
17.84464373371667 27.445426040635823 2
63.475652534951834 22.25422478240675 1
9.475499511374785 70.03914254806907 2
75.08036413983386 42.41800656610312 1
16.654177296285056 90.79920202064142 2
53.13490575751846 24.922132157401467 1
69.31113497718235 70.54947455289918 1
71.66112465756214 95.29982906190342 1
49.907595458024964 60.67792643319315 1
15.980964702429857 43.62446711906449 2
78.40425302229535 81.1361018158284 2
10.388466702396727 66.8615612971917 1
65.81181687101036 59.22085592443664 1
22.15480919801539 58.32221865145789 1
78.44353232693994 61.085885434770546 1
43.246974451843045 88.21589740547833 2
7.377740831560475 53.819890549683194 1
98.85386729734039 37.81627652500551 1
1.0241262413364316 14.96390028744241 1
79.42654167040921 10.043765410923545 1
25.091835192881064 94.40524189515834 2
52.59841196034569 31.78560229774132 1
27.039046966817903 13.113828975668905 1
57.651742984294884 43.34469116182655 1
89.60077008947216 94.6098714300228 2
54.57287369966455 42.381470394775825 2
2.6520955520721423 49.79429692142999 1
99.50279397350089 73.58604951177227 2
98.18192425487992 10.037300439259077 1
16.189883459740507 57.23673801966258 1
74.80874554907835 59.528301769234616 1
6.256407679784304 50.370326408193314 1
54.62794393106959 22.153037655707696 1
56.37373822503895 70.72540475999021 1
35.26960044186417 59.41673380126624 1
73.25927659178822 24.87267549725288 1
29.497284293929816 32.415499102940935 2
72.79486863175902 67.5564471897988 1
77.12061818176699 24.96342811794696 2
81.31894206628486 95.99125749541156 1
69.49587868255472 36.1932696548737 1
96.9482581527779 56.534119566030384 2
28.621675558099124 86.80107893149189 1
98.33483404813904 4.083372875524138 1
36.63754992670661 78.57868890582452 2
3.2961047423861967 27.546394911857995 1
46.78850632332884 13.17075876079662 1
66.57286398532217 24.397292122349857 1
25.972705492104218 44.40276204150668 1
41.96057430334438 91.21406678748158 1
56.25852128382148 38.1740249212561 1
86.74036431257785 36.02710347646193 1
24.88416621428725 84.17851740625424 1
1.0528139057460195 80.99158289559767 1
41.61890168137447 16.372618733205847 1
34.51932966950412 10.544220491618528 1
18.225581734232897 95.92494392054886 1
51.53155427595904 62.4328353584679 1
43.36070301790765 19.164785509026693 1
2.794210303466782 67.02405769035286 2
26.52696144979656 17.961435105129098 1
45.88585128622965 35.16671372126473 1
82.54763673752815 42.18628084529436 1
57.69275987534957 20.433004993259253 1
50.97341832389397 94.87130580939044 1
78.83650979818394 67.16318718140002 2
51.99427348733732 98.43614260302598 1
30.488634160831253 7.27375204615236 1
33.76644128202221 37.09655390416226 2
81.16129366880533 53.81751598967636 1
68.41140147660025 92.40677794056549 2
40.88399020546447 78.49093224304995 2
76.95388503637791 4.137200153819753 1
19.592364555633658 77.55074616076935 1
65.54101651170535 7.702101796934624 1
81.55907518414077 3.2575490226675052 1
75.95783703746966 55.06631843381717 1
58.67508982183478 46.719025545527934 1
74.8881019892428 39.45588510116508 1
92.33272966551799 97.62321386739728 2
48.558843474289006 15.328310881542617 1
72.51985930413774 75.30156630819053 1
13.692871328111778 84.65120147886982 1
2.3483300380408245 61.404137464483554 1
22.910270392740927 38.65884326823292 1
83.60705075171214 44.949777247577394 1
28.103585960177156 76.45416454932713 1
27.978544383846327 89.47235148571127 1
69.19080449587919 52.57781449516352 1
92.43802717423962 83.0823007072379 2
46.72670844540755 23.803995675484334 1
31.631665835904077 28.926993279846236 2
98.92163060950627 88.48806671416477 1
89.80473489783597 79.75550386762552 1
2.4715513044900272 16.589223502752702 1
97.2799734781528 47.52126125640317 1
67.51790968269836 46.616781704956736 1
5.532518067365222 92.18005664645695 1
51.30010489083182 56.1520553533295 1
61.36545481995028 24.53601514535514 1
31.140240318063796 87.07997523037568 1
2.5478532444552227 29.70799190560435 1
2.7478626110186255 73.81592893338667 2
8.434864934324803 35.536505446195896 1
99.45956300345064 12.056449523513047 1
59.731110781635955 93.1407808423458 2
24.08116539215982 47.01813685730515 1
6.190627310165353 57.41675410138186 2
29.860573798041646 84.31490895159176 1
49.98867011189698 76.0562475892296 1
78.25820769957666 40.06341013541462 1
17.746494764202183 48.08728870757658 1
49.34754845846491 24.13988397216108 1
81.34802933653728 62.089699400609035 2
17.400322145276736 6.981339267230657 1
65.09957775043979 83.38143871353057 2
68.24267780790446 82.22164047221024 1
45.543615010789885 94.91861722151921 1
31.99891533875505 62.2191961340689 1
47.68531970339973 90.40451808125012 2
31.928615511735746 98.25219165352549 1
82.35243180306351 85.80583151087777 1
12.844334211726515 2.104317039727399 2
40.44854986373673 49.88358850077843 1
35.84095997353193 19.085513739432237 1
9.80733830596876 16.790553602199232 1
29.975828792333814 0.20257469769022762 1
73.59743402023514 48.347990261727944 2
26.627415972323966 22.8300553993102 1
49.820350106809265 21.554396033368285 1
64.99238009947284 57.28794424750328 1
24.240002299625985 69.4549915367626 2
59.80988912349366 85.80688391446508 2
80.94277619614768 26.692354715092314 2
35.167159778268186 66.78386082383436 1
50.935700514633886 81.8105653313109 2
63.18766411205272 35.29640702722266 1
22.311588196545006 62.36368008258088 1
31.54023032365103 46.204653150582644 1
9.701882783731175 24.851685558540503 1
67.73802810327335 56.13177190890202 1
50.920354261821466 68.38037787179773 2
38.84657877790233 14.890228516038107 1
54.07463866681217 49.733021268683565 1
82.75277034483034 47.129240448584085 1
49.65442551823615 3.6966156488625668 1
87.91908040869342 38.91983877287124 1
87.99539501758717 41.902964989412304 1
12.260470839066329 75.79483826561778 1
1.0800665744697624 27.939439220370076 1
95.87498125532828 83.10339908336843 1
62.29981342485572 40.2146708494372 2
32.121027322454985 65.57197281761707 1
5.056299777472695 5.449020929064064 1
92.21287288662651 12.343821303379265 2
47.68665188856637 63.06212613389077 1
0.17164840354095823 97.69860609092743 1
42.43281433592399 57.270711316908226 1
95.7901164153318 34.466874702760094 1
89.77075873775307 61.21658306901232 1
37.85607322884984 33.65954523429511 1
47.47921297801976 53.87077957155009 1
27.74133816447234 49.15161725429129 1
97.87182470012695 84.49734151770231 1
77.46771491660026 63.66533318354606 1
47.70810504185688 80.8060697534151 1
91.00142188776934 69.93823993129377 1
89.63489324685435 67.26428384557735 2
79.24091476506922 38.04276684974648 1
94.51680831049084 24.130719343413876 1
49.922495330747516 32.714003126385535 1
44.52194529823868 53.52451501108207 1
81.13130424832251 30.766144555379814 2
5.587747777176089 84.4916749556188 2
4.545442398711175 88.66772134500339 2
42.21094031892413 36.33740291000532 2
95.05651391302395 8.105184467047222 1
20.27399083102165 88.82625628190888 1
46.03329757357986 5.5582319395349415 2
37.71532818652469 98.35425512307211 1
81.53944286187303 91.37448720580355 1
34.35541007218944 30.499785205671525 1
36.201843016473354 38.94149312289705 1
38.82378824814347 68.58280522801076 1
84.95696091550963 76.83596902465113 1
20.787198024519494 30.35512982020746 1
11.348386937470467 5.13277594943956 1
8.226168177048088 11.546868998124516 1
96.0451243593323 38.37527033765379 1
17.908817104536734 59.95476009874658 1
3.822885114651675 63.830567907464044 1
74.16765821256746 81.17689940405475 1
58.21901805650822 72.51248551415125 1
37.09406147237663 83.2066917931122 2
26.85929136268723 73.29012784594914 2
77.53852030318545 34.50091364767277 1
83.48423942601619 14.409108762330025 2
0.18704530399046293 2.843169270257684 1
66.37429819488894 77.45763932813196 1
46.09586144474949 71.78174012046507 1
66.64812540813439 50.35946482616872 1
35.58005022398581 53.6773478265102 2
1.1493825754784415 11.888454073648546 1
76.78816863779481 95.17770841240811 1
23.6858598169175 32.31274331378802 1
41.418443718222 22.347555219614044 1
81.73916831174999 56.86536797203763 1
0.7369602755668558 36.99409368556103 1
61.58793423401304 54.1730947520106 1
44.26339876903529 32.694542801605145 1
60.600553350361565 11.628756315835398 1
77.78092783349148 20.789500242403612 1
71.50194761409588 21.86738092584385 2
8.753514208318226 96.42514654405073 1
0.06690283339233494 93.54045826908462 2
69.0793436454836 73.44318050838142 1
84.15050006092916 21.002316808118373 1
25.474867665989454 53.36970495163701 2
39.084591994267925 17.09021814469549 1
28.085176780217424 60.51288162097028 1
94.65092205105667 27.638149937713862 1
45.13757868716893 0.9934148840876178 1
30.51944447772953 37.169194645581726 1
54.59342926188745 79.49836625676613 2
64.30351585692603 53.16548570428045 1
36.01486829213242 47.18306260103336 2
5.485675452915428 81.35468857774065 1
93.82253502423404 88.1858736351889 1
54.086455968012004 46.73351935221681 1
