85.40896230330743 20.14856157940258 1
33.47713413021154 80.43895049776955 1
42.45239368995153 67.42578097011696 1
43.22728868968847 20.978839264704753 1
37.708318326723955 39.07271050859051 2
53.29074160463277 90.08229220736091 1
86.71998741325679 41.52784208640976 1
64.7578231775558 60.809008807622845 1
58.14254499902412 85.13130950667845 2
77.3646893357206 33.027209523425974 2
99.01531759992307 28.559480410415095 1
97.53225922997957 46.04056269390369 2
53.56300297638402 24.876937608840922 1
7.520903503514043 89.33907829059882 1
46.21978099061459 68.27442491812545 1
34.600407980615465 69.72752911215778 1
11.122912725057821 14.821561647997584 2
90.32793334294796 16.834001854322157 2
35.02573818859764 21.69652712566217 1
16.044263045996622 64.18958679595782 2
30.327113136954488 57.81901891933088 2
86.08801426776006 16.30861448383909 2
5.103045149509244 81.36478683303919 2
31.50536200525016 89.79085664978419 1
77.30664542441737 62.52922400548272 1
8.009862454151918 58.42550924158222 2
31.380288980302563 94.80329696556748 1
14.65405356610927 54.8500593266401 1
50.183951167270415 30.01186422244484 1
75.2942750373717 63.593244822900274 1
1.6301658361900784 38.92690914676954 1
7.01790108874496 0.6593868177272033 2
55.09834467642188 96.49492092972534 2
70.18111356555875 69.71188256462689 2
37.42813027120331 77.5298555046288 2
82.5790588179339 95.83475311517856 2
73.40697037023418 29.981171100775228 1
68.12164482855265 16.067777038595345 2
72.00079968994055 25.8921918660883 2
78.09836136302279 99.49837397761532 2
96.34534451970516 94.56725945106535 1
83.59038706916081 90.11036610314203 2
79.37757523061494 6.859405469149182 2
71.922161879773 74.99309642126221 2
6.858126540825316 49.65564900723235 2
7.7085080103037384 63.45066597356405 2
55.00536731248546 57.277267558863755 2
87.16754282435431 52.53394676495724 1
68.36557489701462 77.22906435568433 1
32.72061262841023 42.980023305491535 1
46.26775649506427 19.46980494983971 1
66.77096200016567 23.684886327958676 1
59.72236499820153 46.67585521666352 2
10.90868645449683 69.12345001344697 1
56.49921248171368 16.280367970072017 1
63.08029089997342 68.56966944832061 1
23.41743876055181 19.977022950083246 2
62.17608138145667 94.05044257199296 1
61.2488524859217 88.41461630394267 2
42.01064057008407 47.40013682545149 1
24.439569177877562 44.31016797712769 2
41.956677105921315 1.5913313216055047 2
88.4572339504679 0.5332122891471558 2
9.350781754753312 44.90151284242745 2
86.96424898003634 66.90885739377053 2
85.12359712132238 23.498434475538645 2
81.60461525966394 80.75129362396154 2
64.69334712908072 40.83709113760685 1
87.75195926281266 6.809176709945419 2
59.47049132855295 73.16217566328328 1
53.01353940082284 15.469952678462008 1
14.249358982774108 5.866860780370587 2
57.9564540937341 99.17411963531238 1
34.77003821243142 11.615518296454209 2
12.153633079130511 57.425641382194584 2
68.88749567211036 12.033999933753082 2
89.35017915077994 80.52305824156433 2
26.750962145535638 11.641082829407058 1
62.74132642120135 78.53336234744317 1
80.14966091360421 87.50424919512668 1
91.2751405179528 94.66215971778821 1
32.46180693682702 1.5963407478408076 2
50.78880971656369 16.24742573725184 1
65.80543082950558 4.77843676255445 2
44.47636877877873 93.83404883137744 2
94.0753534343664 68.22343621270592 2
30.060965668317497 48.52864627338316 1
93.87466187288466 18.578741899918015 1
90.79365661538273 76.44087766753978 1
20.893285474999878 16.445544356937425 1
94.31710791448378 55.52471261649965 1
25.528115852718425 40.501504326470396 1
51.04399731048467 84.6283414972662 1
13.564467719114992 29.613558207503054 2
66.25204801974185 56.29456044763822 2
3.9706772632839615 14.377716965841703 1
82.15605759873648 24.588662279510576 1
24.34801859224176 95.86327113457368 2
6.215881145279067 42.713057774081896 1
5.6377039155059645 38.33229284965461 2
21.313695862466233 29.46880717516538 2
42.215437326127535 81.8600534732289 1
98.6867058074755 18.32538760852087 2
14.859926233443854 79.04735664069611 2
27.958733120897694 71.20625902434583 2
71.39248702025625 84.22825528166648 2
75.98542047538422 92.84412094430813 1
43.58523266442705 75.56147469886665 2
48.65704050474594 22.173099195699752 1
52.33371591333241 20.534996646883773 1
83.3434038422191 44.46909852001768 1
95.25315843402055 58.61956976889212 1
40.39660345325123 43.700781669894425 2
99.86840876895513 96.59605782863035 2
26.44402270360171 84.4371192851871 1
79.56211405875239 41.086072966994095 1
41.821084480905256 33.85425807671333 1
1.5015665963639013 27.781879344903558 1
69.93264645378032 49.752476700428716 1
73.04189673656157 99.83204817643832 1
90.93282504082848 62.84750728099849 2
34.8852072042693 92.30425476251058 1
9.192555782700406 18.879202136151008 2
77.06104474665025 67.04592787000439 2
49.02458360373003 73.15968006798033 2
