80
0.5750897521241074 0.7325770263541982
-0.347696839724705 0.7547500322348557
0.5029444355386419 0.3067672989670498
-0.20894612823186978 0.658682839793176
0.30286795958363943 0.2660801407119939
-0.39870253979913006 -0.7886017011901545
0.19081352891647194 -0.1149460949407823
-0.06489346656428484 -0.2954869382471785
0.8130096221043893 -0.11801874385824794
0.2862195716122485 0.08122072203700666
0.8535918475892161 0.10360335724435982
-0.4037953653982104 0.16489203033175545
-0.8404101168171176 0.02959590959101158
0.8651127620568573 -0.25717513672008746
0.6487731089006168 -0.5794164530524581
0.43054358656191805 -0.18157141832837442
0.7296736403886744 -0.19435036957158375
-0.8942433214778365 -0.43326778332552657
-0.10539022166073415 -0.8137888675509203
0.17553020089539959 0.4023416851681175
0.2279883809903077 -0.13959485564163684
-0.6546987401253035 0.15023191898789454
0.709447764774154 0.5684779099363141
0.012025815823053804 0.021347073595356102
0.2666059804396601 -0.07339472449267592
-0.6729137069904418 -0.11354585510146326
0.276164543954497 0.35589918497792034
-0.4026556815227834 0.8057150303824518
0.2521468385593272 -0.5718757548798751
-0.8980096604449075 -0.33576445149170336
-0.22098341579837272 -0.5063104105639802
-0.19689459249584573 0.8336360456456043
-0.6303640874597934 -0.7045262627016569
-0.28934449363959697 0.4235746072374891
-0.0942583318278194 0.52270640027562
0.4143931279498724 0.4783244743979336
0.33678832932254166 -0.911998736902137
0.41278302149230073 -0.47688950632041754
-0.5006939357040907 -0.26009149385609326
0.7190899300209456 0.09011089647707923
0.6547526743714432 0.34029032041585944
-0.09754510454141775 0.5254457348527127
0.3850677498091678 -0.16262540296518835
-0.2657549950983911 0.5585909721472373
-0.13062418699250428 -0.6858830352342734
0.7516759669816863 0.5742783749285395
-0.3194125986863224 -0.03980370603082017
-0.21120180808473724 -0.5914910629929967
-0.8043283963693307 0.03432740114172273
-0.60696018029371 -0.7360433949191614
-0.8434665250852815 -0.47954409693848576
-0.16282639786641298 -0.844363829692692
0.4984214406104471 -0.4317629314695322
-0.3378991419369587 -0.6343554777229969
0.5626411389462721 -0.13362771605336085
0.03602020797819957 -0.9689204744631267
-0.5289704158380193 -0.6249798322669057
-0.5944375749253346 0.21122345279433657
0.8436578646934028 0.197887348382255
-0.7245356346042735 0.001639645519016804
-0.01781777015612441 -0.09226500564992722
0.07614144667617315 -0.11392520623125726
-0.4486586852357468 0.725216292057853
-0.4886828177801468 -0.6891241686776448
0.48503427690481676 0.42258352093166385
0.7842958950357083 0.48123999129393596
0.6405997491521508 0.1686817824385899
-0.149466232502735 0.1773817094973954
0.29278615525800633 0.42686634245557453
0.783798208009295 0.21604857533543703
-0.4834746387049688 0.17859475688409862
0.07707675216823193 0.9418908326269468
-0.45510267929785203 0.8785711519947674
0.6931149241254538 -0.2129388576497735
-0.013462153953774769 -0.41362926554321505
-0.6859299789623866 0.37944846473610483
0.08760855421785982 -0.819983661494775
0.3530603194395471 -0.48930677751265517
-0.3560446495426091 0.39989844610197023
-0.7106199359683477 0.4149456158553066
0.7871239735847905 -0.0638334713782412
-0.8513414021623199 -0.37622827296717243
-0.12402356996268711 -0.4193282361755442
-0.014839838628408689 -0.8959848538507225
0.5410410935742204 -0.30505766709921617
-0.7036075989207144 0.4669776881774083
0.2754379609620338 0.20365822814623727
0.40900287651198236 0.16623759498914717
-0.06363879413351525 -0.555547414431921
-0.8030404761607358 0.5079158897040368
-0.6539099540778357 0.43656954978116913
0.9151280287946607 -0.080381326961366
-0.19000626404458723 0.38107410533348696
-0.4103068956540927 -0.24539533800452087
-0.6685636154119 -0.7113588963371174
-0.1789618608642524 0.777965823849434
-0.26267791329576634 -0.13047495708557305
0.757915575342924 0.07386579951841098
0.6220118990961836 -0.41479379714928494
-0.13955091114805376 -0.7910581735590942
0.5345274307028197 0.23032309742723114
-0.693649424884057 0.3318302244473991
-0.430794947005264 0.1456977905947174
0.5178191839130706 0.817669081508685
-0.4305291713308388 -0.8328319230666245
-0.2529858581231366 -0.6164770038053069
-0.49124434938297584 -0.45200795411902717
-0.2501269197899532 0.9554596353971392
-0.8145683601745192 0.3106728995374001
-0.24517231367064765 0.3899584271782061
-0.8550525163467338 -0.22903921903057112
0.629399959271804 0.3666667344574959
-0.182012817961693 0.10028838713017414
0.44696564721932747 -0.21095785921540458
-0.31055357633854563 -0.10430529413539286
-0.4476965873372908 0.7727495235613451
-0.17158531967777127 0.2794666119446567
-0.3410218514631921 0.7080258574519431
0.30095525490053826 -0.7801553619539165
0.33810653106333816 -0.8384912832570437
0.5274305416797385 -0.5526878217244423
0.22363887234272986 -0.6838006492483008
-0.7563377652687175 -0.6288407772459391
0.37671966330137385 0.33923242001205156
0.6325885776943682 0.12679338566493212
0.7975377228453701 -0.06642755134867417
0.1483332384654107 0.15260289940564906
-0.27272705762295163 -0.760849114884456
-0.7310094736782338 -0.26392345070795703
0.1411960785500799 -0.8923967515533647
-0.4982493600228882 0.5942733518784519
0.5404337939261613 -0.14135559377437634
0.06939882933312266 -0.8101737292722777
-0.22770939849987734 -0.4609296564677649
-0.6622050706958186 0.7182458119640397
0.4411263094911589 0.33141466674523395
-0.6277750757031587 0.1868275243492388
0.40871189725010076 -0.31400684852918626
-0.6048788423210498 -0.5762374823222447
0.362385492585088 0.5564311930897456
0.1915103629488434 -0.19396352044578619
-0.20291398370852803 0.9275519849379171
0.4146757899992713 -0.39192402792848435
0.18582970882662914 0.10662087418967012
-0.787860352608461 -0.48787105767160927
-0.7240086668045638 0.6024039090577976
-0.49967827781604884 0.7581391824376942
-0.6191732348970088 0.16989490850662928
0.4306367232058539 0.05511501835144082
-0.40392818233278516 0.6920587247369862
0.45074819093658075 -0.7863951391674345
-0.9112956568164537 0.10541141493171445
-0.79599733824393 -0.048217249925888786
-0.2103443535148043 -0.6755919926484125
-0.5777981113288555 0.21976930493236357
0.61420982774985 0.4785256378269441
0.019961269580932656 -0.05631915875934598
-0.396277599154165 -0.4209436830068129
-0.12097958488797209 -0.8527762585368831
-0.5992903373473139 -0.4957768677693201
0.24810440982227847 0.6651546776534119
-0.6704852492855544 0.3911335540355836
-0.2561857845169297 0.7250923945631426
0.15644309476390586 -0.7806613334628099
-0.2314608307936679 -0.25429703263474757
0.11548032311474411 -0.5641222767446641
-0.7334381951127535 0.2898106106957398
0.5907351852695162 0.36019942918054176
-0.46058010282058737 0.4340000125694511
-0.3940135345174437 -0.16331684941427108
0.6789357234118597 0.39912021147100984
0.30261159759527734 0.7383542529238828
0.213770918625909 0.4404339711580542
0.020740443543034007 0.023842093898852522
0.878524149227074 0.3987483434134213
-0.17849823390325564 0.6429391048639385
-0.24097757771169637 0.4293385644913817
-0.8581494824730358 0.4492344716697699
0.2238922043695054 0.35217309487322573
0.17902455586801164 -0.40933032004002506
0.35149394534307876 -0.8000955901726057
0.012680817026735652 0.9577987746587303
-0.7583906441202668 0.628614136168621
0.8413194107467674 0.059878882624603315
-0.06764607237839447 -0.003795556539432885
-0.7021276207396335 -0.5409671749002686
-0.05733111922076789 0.08227278485360234
-0.662744887761835 -0.6453747601451882
0.3311887172937177 0.2239271073120174
0.13949484473576398 -0.06079000604596534
-0.2614912477775829 -0.4833850017746054
0.862088250863647 -0.417708343670591
0.6427187885003387 -0.7448640159588897
0.8442696146213452 0.06864337538883297
-0.30816697404369936 -0.37276159449299684
-0.3298760762745678 0.506848619679259
0.7232869775161851 -0.21269549997214335
-0.35021324990924585 -0.419494021847627
-0.4596987100114319 0.7235804875396146
0.4731959734510657 -0.16387163289385595
0.5325786039486365 -0.007219303319274639
0.8281364715082762 -0.39050412323815914
0.007412874310779436 -0.3317104074749326
-0.1633093377761241 -0.5036096144472205
-0.6741134945124408 0.1337130531436989
0.6303769043042197 -0.2951304542114874
0.47440124122768845 0.43062380336700967
-0.3372884481456959 0.04255739892877197
-0.12385304868117898 0.6746752299404831
0.7770504121835032 0.3462889381592964
-0.10959015767170283 0.6806132037945773
0.4067592887144765 0.11832055470258034
-0.01063040867622469 0.012482537064381342
-0.3132220944537013 0.7508355760001084
-0.259234819331095 -0.9528677780190755
0.5035554322067805 -0.5310768105364788
0.0656289799575186 -0.22790895773382694
-0.07891753570960991 -0.37554524447178056
-0.4618604600151332 0.11394018832729615
0.8624162042835252 -0.3920135574069432
-0.4465409201231937 0.25096162482611245
-0.3108133073988087 -0.3664175228221848
0.5979345796465072 0.592010550739113
0.18012725489977607 0.6638863702468473
0.772989793875226 0.24578438467068583
-0.6659117869797027 -0.10123333515754311
-0.5051879996410475 0.5200521972298507
-0.8471130604067153 0.07207107784686335
-0.7879352952199884 0.23726935081883682
-0.2101785905280201 0.2746312496768064
-0.22706250451760837 0.4041307745350727
0.8518591259639784 0.4316799146638232
-0.23097576357877647 -0.7132352828732178
-0.17949343034722035 0.07700579091173297
0.18525661019832648 0.06381218593100077
0.7946465923003259 0.26571247922704067
-0.5447215100265006 -0.025994663436577775
-0.15123666815708123 -0.36520262389071967
0.31288139175477464 0.9358711585042407
-0.002048758679250002 0.5738142876067821
0.5962759054535136 -0.3718394068624969
0.5524054590577994 -0.7810524018560903
-0.08285274422252106 -0.7806855213612003
0.47357426651896317 -0.3108895459139752
0.0044230109825084945 0.3783008571486309
-0.22078867824721576 -0.6176563488730628
-0.07186554596324968 -0.4532774125595028
-0.16232445126861014 -0.07613045023811758
0.697398927930619 0.10452177393650004
0.2180583146813863 0.33488007377707313
-0.45296612587580093 -0.24921152617155293
-0.23859292694008633 0.4029367368575703
-0.19468222126344645 -0.4730850775990798
-0.20978459124746118 0.24549898487266733
-0.10046329424713886 0.9188363599202451
-0.7959823369076466 0.5505935884380432
0.28931493095341426 -0.4065626634359886
0.9536171045319337 -0.13907380231508368
-0.7300588619805722 -0.5676069057182083
0.02348822135318181 -0.7422886777562387
0.14376244797245616 0.9037215282422295
-0.7349394538247056 -0.4909340978090658
0.07130572125794599 -0.368390698896639
-0.6427586554251825 0.6958729777340036
-0.1436556987933968 -0.5581115522874628
0.5623440140730952 0.4880492122242238
-0.8138006365907516 -0.08929637172237628
0.8070625986024702 0.26940900587739874
0.33854223161688834 -0.7168489846635799
-0.5787637940686697 -0.5802685650921027
-0.176372091884983 0.2396108290017665
-0.4183378125707246 0.4177122047489874
-0.7783790485241247 0.07623912933460476
0.46308493610336915 -0.3727894197718834
-0.19705417807138045 -0.41458744106204093
0.9504465658733537 0.27578097383947486
0.4922787565053181 0.6747031574373752
0.024219092281484864 0.7775080406448653
-0.9707192995164766 0.10875834655021084
-0.3713871150147883 -0.14599857694414592
0.08695834248677735 0.3502017846109489
-0.5387553381129957 0.5892599060475406
0.5474235170798653 0.7932364440301314
-0.29335442780633675 -0.5484774990200031
-0.7528645648290079 0.22871060783517727
-0.2127262725868866 0.11538222716962662
0.639492594111747 -0.2970351695772681
0.6905917556712804 -0.3702237682416715
0.7308932173574255 0.06608534698043218
-0.5980785579287393 0.5449636533458292
0.18421127878761265 0.3000334964685954
-0.5361898945694515 -0.5594818375329964
0.08143553243608533 -0.9747774109002901
0.015536147184483708 -0.5734843904964311
0.16501201721085687 -0.210388384912122
-0.4327498376346653 -0.5144284202731488
0.23182900555871883 -0.7355058682337532
0.2996163127323148 -0.0928565463120221
-0.23847255306610676 -0.40303418351281906
-0.04352011553140967 0.2980019373238839
-0.2358652613918193 0.2026508719038959
0.6119876692973358 0.28507680420016457
0.5822634531002455 0.738277159352046
0.7639571817613855 0.28188320240890313
0.5417077999913601 -0.6483153609709545
-0.024286802103280856 0.022064500384332393
-0.9150976169699342 -0.1487328492189288
0.40999720793669137 -0.043624749108605296
0.7417316042898013 -0.3749561073491592
-0.17836170494312917 -0.5880773252399966
-0.5515021275169986 -0.6258937031817251
-0.5095558870138884 -0.2944772189791166
-0.044296268142965105 0.23172209401675328
0.6083285968950587 0.2621461144097874
-0.5297848660355216 0.8153740923686135
-0.45804231442523075 0.8420656674664151
0.28195021451193025 -0.2098325919902362
-0.5129825400693426 0.40129514404842137
-0.6245460993752696 0.04414069012963018
-0.4937703199862783 -0.4327102453477901
0.6815900010214352 -0.7093650739569842
-0.5199583353470603 -0.20637436214063493
-0.017765101152953253 0.7763555208850292
0.009057965162323194 -0.6809385048724726
-0.032100131018558374 -0.7509097011572471
0.8801920202680624 0.1727045239897585
-0.536736562087388 0.8157826388629221
-0.5199112320960534 0.441524600501098
0.4907475507709314 -0.46656904607682176
0.3240901037448505 0.5544152929569021
0.3284028171192757 0.7889535077434596
0.6336795277357726 0.6183587368758615
-0.2228613789897695 -0.8745132183116661
-0.2869461990287981 0.9232970332641075
0.0925080694782973 -0.37215497894145805
-0.2665857531842102 -0.8851168842402317
0.7748849687357575 0.19106957586438963
0.6417816048800566 0.435314187536967
0.9356202224954144 0.2515450687820427
-0.5717831293714752 0.5789524563506424
-0.6762492411507146 0.08909156462617523
0.34552079881131387 -0.37300885867770545
-0.29442976603646254 -0.4376252664017378
-0.5527762993672284 -0.7493969644108748
0.3404930699440501 0.13025342899754722
-0.32006049385289925 -0.3702907920487992
-0.3229337273664635 0.515575029247197
-0.34178863235550766 0.06976363026530007
-0.624632376289947 0.5630680828861822
0.2489408371169741 -0.9421966320303059
-0.43012654342096346 -0.07084834004457934
0.44552244492360865 0.8575859561503344
0.32694091871804976 -0.3123097614498384
-0.31691066273414276 -0.1320874079242467
0.5425040470236531 0.10131110965317733
0.6413261420605291 0.7226012478690583
0.0765709458913376 0.24526691301990447
0.04669595731465317 0.7891875000326044
0.799248277760669 0.1700280818718923
-0.07144267132922402 0.02603213081789598
-0.42264387664747405 -0.4185514912849299
-0.8643164556294197 -0.338965218281468
0.16511082812116076 0.19892767339507134
0.12962363635161978 -0.3407174656022921
0.08634558710452855 0.3542565071810741
-0.13762942325594635 -0.48370383847322634
0.5675296342364973 -0.3454800960511781
-0.53228959155017 0.5899970242194698
0.21747246886337918 -0.8477904319706941
0.5782648433115086 0.1826514761331235
0.040113780121485046 -0.24803227141723838
0.8289036232623812 -0.2185206740775842
0.3569717788840877 0.1989545895831492
-0.31731729268096026 0.024903780796122828
0.31160989152640123 0.4538719154186716
-0.3411113943469119 -0.15689582661370693
-0.09873104159223504 0.18500943772729983
0.6381924250486951 -0.19313833549213286
-0.5096191273215346 0.6552520542830096
-0.5565452477921609 -0.2798572362163845
0.6691395792279976 0.20819164480332533
-0.7033769506019116 0.2627449652940935
0.3248215126742353 -0.06060600589041581
-0.30300123070627777 0.940840779089721
-0.31478818972179895 0.8086312366006566
-0.07740882934834696 0.7771464553809357
0.5441360463455034 0.5829548839250989
-0.6899300194246882 0.33941909494590383
-0.809059119066226 0.26128326072465957
0.8020789648000425 0.49409512052526267
-0.25197791112498374 -0.11022503908268011
-0.28900641330621024 0.11063287593956422
-0.08994860711786067 0.41069471636621435
0.7939736772023179 0.44418819203770776
-0.02184844252556027 0.9345205458474768
-0.9461511032167681 0.0664417170583286
-0.8182851631439704 -0.29201449110057615
-0.2901697791924142 0.8203531654035513
0.23902018672233652 -0.7071532823825026
-0.7496889889581425 -0.6318445607020303
-0.8299231403555035 -0.32261926199271446
-0.25654561089998706 -0.10700385687474197
-0.2365755110383363 0.4300226980037424
0.24049412285462876 -0.5967915631853964
0.14387474637288125 -0.5420307728974151
0.33902106357789674 -0.7147175693504672
-0.6953977326029803 -0.3737301564701048
0.6155656843325104 -0.678112182487862
0.2119393691047802 -0.48252414145236194
-0.32714482104930154 -0.3547803060956836
0.07872048652305359 0.3641096326882813
-0.501142361710887 0.37504244285894456
-0.4667855549653313 0.05655958855036723
-0.2181798458189723 0.5972487831220389
0.05213491777231195 -0.8604829378255179
0.27839817075649587 -0.3092067113490956
0.6730200562584997 -0.6741017776395547
-0.13424915967778117 -0.7034149900080509
0.023154338991178768 0.8301587746172248
0.46069764329239166 0.5488313925212086
-0.7438496074532932 -0.42491654562776054
-0.41557795198252023 0.35534156608371575
0.18488116335577148 -0.654180783757416
-0.09913689942043341 -0.04453222074156353
0.6330957014857125 0.2876235601811247
-0.5706633894817641 0.24916486351064696
0.5849434386463074 0.28602987931262913
-0.5826011028771844 0.6171998573212594
0.37022214797214825 0.5695034751042111
0.07214630951571456 -0.44978739482661195
-0.4118506233286342 -0.48945565481920444
0.9455246115150672 0.2601155576244207
0.45787658980350043 0.8325055899823725
0.05127680318265581 0.625900318811189
0.2962399708265667 0.6028970703736108
0.37702097292911685 0.7874021365601843
0.33893328751604734 -0.9012199528150115
-0.5370265157235199 0.14608025122919355
0.7612395180254425 0.49009173430058844
-0.304261314009778 0.8233561844105874
0.438343218890326 -0.5359912154464026
-0.09676084354332004 -0.14880339771506335
0.026990354636041814 -0.717418941631847
-0.05706243882762054 0.15277726063733307
-0.8986255124894624 0.07269652157342012
0.38479840822980965 -0.6714892032742313
-0.047314897883740575 -0.7073146810407756
0.09273197884968501 -0.8597699022749646
-0.059082638093806754 -0.2646679486945046
0.8160670667650439 -0.03083592485090882
0.1935943876228631 -0.46086371953292665
-0.30911868730975967 0.006121045917943839
0.4922800891177741 0.09137956674847239
-0.2422355384631476 0.2787201384463612
-0.6701042747334703 0.19557595959319002
-0.6226051222585219 0.636404968483147
-0.40363159686603545 -0.623250314844823
0.06367918717943127 -0.06242707997619045
-0.20642873176798834 0.9406884125785159
0.6076054023484643 0.6380363231552053
-0.4941920074489273 0.6266072562742964
-0.3706124773213279 -0.21999695484539913
0.0716608845991535 0.4015804242207182
-0.42592266474741103 0.8027109094504856
-0.7326222644373401 -0.08216711879936826
-0.2026370962264729 0.6892252991057503
0.0816132008556572 0.9791489026738861
-0.644219203411581 0.3556128805689093
-0.8583713849395807 -0.12354529057685969
-0.29430388259656276 -0.26027849625954935
-0.5890279631182275 0.5420907319984071
-0.3149154850233863 -0.73066053603893
0.05292078230239353 0.08925187574691006
0.48072496900306905 0.659146021112236
0.8739432357478706 0.1821079822211178
-0.2098470642352328 0.16475787241713757
0.7669839304550428 0.1804159638225238
-0.736166509245425 0.5294871315024712
0.5279111023501871 -0.020895540358879906
0.6842745213734304 -0.057820510395349654
0.3519938666476704 0.6234117215891933
0.737327437522808 -0.2650101997764298
-0.628329011570906 -0.22504030192937344
-0.31574820393884756 0.5093960842278915
-0.30936912894822705 -0.10906567083778294
-0.24223060828632056 -0.4153753068055178
0.5980444740461499 -0.5535507260112041
0.5249600570405677 -0.47190580622408984
0.094227706434103 -0.9490876477310847
-0.545445004101041 -0.3087910410543491
-0.9722292909627377 0.01333905832844681
-0.13794520945547445 -0.9591693921837456
0.6810542915175489 -0.5067832757570984
-0.6175799603184273 0.019871637661007396
0.5349590578998128 -0.2836328498722082
0.40237740242006814 0.6801265355224758
-0.3912347239674981 0.09090070641549117
0.07622462610807698 -0.348609174805762
0.0076326428862219416 0.4528645655923403
0.20056585172223573 -0.08215299865163178
-0.10232057757707011 0.23654729612375866
-0.0326488152597437 0.7606407198928699
-0.46059736559821624 -0.3374156772053798
-0.7601932361364997 0.20635511628565084
-0.8436703444960132 0.26004887389696013
-0.018607733638093742 0.8404622565708416
0.42046604426511264 -0.14343234076507824
-0.7791234365605169 0.49818880553915423
-0.3375703202891404 -0.22579036374910783
0.07621914378125558 0.8754600368079007
-0.8708326108940542 -0.32947870431919335
0.3727194325057173 0.7421678875316459
0.10763270868566091 0.5002013789406917
-0.834034678737427 -0.500116497833222
0.7292280938332876 0.43072931915609736
0.8088956085814835 0.4750987200565448
-0.003981193511225064 0.615718185131561
-0.3082112108413813 0.40247858683133314
-0.14440545435407123 0.9233097128407345
-0.3308835563618203 -0.6656143232581466
-0.23358169050455993 0.7936753825220769
0.13974350413596118 -0.5808165657080006
0.2744615428795098 0.8358382754726739
-0.03104577235506462 0.7836771556728087
-0.48458224907951236 -0.7718089489787516
0.4625465277057065 -0.048632093372394866
0.03582796727413256 0.8207311852462006
0.4317934345132535 -0.08942274965945313
0.6860089588662106 0.013176292759081694
-0.1322891606072336 -0.15757045458921762
0.21426592326183957 -0.29587893220587047
-0.3719262573098542 -0.8472545363399738
-0.45353920009333654 0.5291139515989084
0.2503607943392571 0.28314590145585866
-0.38792092345448537 -0.3709378266972474
-0.48025158543236834 0.4813341382266534
-0.45803465226041556 0.3851610949122463
-0.20804396931797597 0.7982255922780285
-0.05830467772409212 -0.8953847400382845
-0.131039928953746 0.0586727595154885
-0.20231991199735144 0.8744592171205252
-0.3083886201267148 -0.05830909264957831
-0.25776996420150616 -0.3038628763009427
0.31911651494670895 0.21294500715203038
-0.2392487576845627 -0.30244714607352796
0.7946672490603475 0.22773175031113907
0.2357997948946005 0.6839547071167047
0.3876554557974252 -0.8909302299304076
0.28772656007031006 0.7579702486809976
0.2575681652426157 0.11496592584289574
-0.46238914194772407 -0.4117301480980183
0.3667303115025179 -0.31202665619548225
0.1066357358745988 0.39434518160047954
0.3473763273968812 -0.44020174064695483
-0.7149437825912218 0.070503143029979
-0.39662893546246686 -0.5155200476644864
-0.10117726740160067 0.48382206801904104
0.18646804821416926 0.33607411987166075
-0.8793496891408008 0.41584975311094124
0.9592563390748357 -0.22776350561142455
-0.6494734674233902 -0.06753094178528471
0.5798395746222426 0.17152302932864635
0.2642368552167787 0.24524686939026444
-0.37586190834752115 -0.5842123806363113
0.056545916499747696 -0.6065625353066326
0.35511362839960875 -0.031759848865176764
0.7574703030926015 -0.04320850743137682
0.5623370547748848 -0.40780395593380936
0.030801408705522598 -0.7898685886549274
-0.03925861668559847 0.8074978611242852
0.6466515058277137 0.27031766108641725
0.49605569385313847 0.3983405360397681
-0.09704509866638555 0.8699694831220648
-0.5192682968370489 -0.5191807321224253
-0.33539829689875217 -0.7686824549539357
-0.8505461227638204 -0.4645536675750807
-0.18098667542782207 0.5147325530499555
-0.44090358578358474 0.8137341660022004
-0.5240388823839992 -0.7847692762685419
0.6711569902390411 -0.24429612964123565
0.71509930075073 -0.05449609809163581
0.08795034972481278 0.11881836266473965
-0.8662262199028236 -0.21871096562586378
-0.299948267143035 -0.7898389950827356
0.155282905704461 -0.9149241365966447
-0.1717727589986769 0.8353714411684159
0.5435165388841422 -0.4157270800113266
-0.6407754795265085 0.5095265420696966
0.619394638030762 0.38114812448829966
-0.7626292186676706 -0.26688391224159536
-0.015091138816002202 -0.524872733115438
-0.2906628870081366 0.5935388235416639
-0.3182567744694717 -0.6395036242907728
0.3670084512066517 -0.33883520740379075
0.8290641741640298 0.4885134309186434
0.0703638762153688 0.20372511901153806
0.8139239217439723 -0.42250222766973006
0.16594222285797836 -0.3350620226043595
-0.21860817265275886 -0.7735805179795735
0.23254597466309085 0.48509971989879797
0.06742892138354581 -0.6818990594761598
0.13712141641019618 -0.6797188712319845
-0.0783778311879965 -0.7987982975260838
0.07228948419893416 -0.5728811300758322
0.2439675361095515 0.7854615858764895
-0.22384444629030195 -0.6209642237338967
0.5452395530495665 0.34972041969155815
-0.569363031152968 -0.37842856699312877
0.21587824122031807 -0.02931182891841038
0.9500539560396235 -0.12280559341136553
-0.8814680880695834 0.2726212024049689
-0.6939390662614744 0.6274369567016391
0.17229027148449086 -0.6443858936277316
-0.08174889643986549 0.0505056589866556
-0.7503428680851271 -0.21865722013328986
0.4172159909502764 -0.5076970646981341
-0.5781221502526758 -0.5143958790152052
-0.6747277102119053 0.7118913182520972
-0.6025595270341266 -0.4173627798813412
0.1177051152884522 -0.6532157160752977
-0.34314815292022505 0.37115652748377526
0.25945490331859816 -0.6706621203950024
0.23364652289892954 0.4521130160689079
0.8391930604824731 0.49898515271216914
0.5041341979061698 -0.727519016599011
-0.7968059882384912 0.5121922531449243
0.28515217402173954 0.8828435934608465
0.010495454307969046 -0.7836944123507164
0.3894404182349223 0.4061389204692624
-0.4413221692721186 -0.48876488661021217
-0.533820538070797 0.48072602478877957
-0.850225657579071 0.31716827478515197
0.3598930880076558 -0.007959580891078613
-0.48768779150247576 -0.004796364692928004
0.2950928987030105 0.6642797249678682
0.237306817042566 0.07594553906240921
0.159444654177594 0.9263807519755
-0.9313997397269863 -0.3462462523741239
-0.7590820926363584 -0.020972678900675015
-0.1640052780428116 0.7344831635831327
-0.1479900745667901 0.4718474497429834
-0.7295499440591856 0.07705313288915405
0.0089169233943024 -0.5420023206166534
0.6063857141857255 -0.3666701874191081
-0.01885796250261499 0.4267902152657289
0.7155966112385773 -0.3239829607198846
-0.21096834443629925 -0.22034326494311057
0.15534555480579695 -0.2735590501734593
0.07169945398743031 0.5601722168539929
-0.17397504875638775 0.8221757255925143
0.15774303851527038 0.06723679695489533
-0.14110716808230264 -0.9225813485028785
0.2520386316726892 0.3588890948191382
-0.6043268439125485 -0.5093468561967297
-0.004816737266521845 -0.47309774631423535
-0.7284734131040543 0.34803940777244735
-0.6892490472244397 0.09822023458148672
0.2658648807048809 0.46449086907658693
0.4946651307684224 0.28208547287685937
-0.7243122181848072 -0.5288837162695402
0.3402488194377873 -0.44202455167842103
-0.47965730734160467 0.4576739992556588
-0.09238134220200417 0.22230178549399143
-0.6226146696007469 0.6891610967607248
-0.41800984287886284 0.5660632506716452
-0.1974366394093806 -0.5215756081927327
0.6877810922099868 0.09067075674077413
0.39987557995396594 -0.47969216731078945
0.26874092189287524 0.21241798571398401
-0.7114402771555295 0.060757723951237894
0.5437536523240588 0.22412986371582813
-0.7088684333320566 -0.18062585651720098
0.36423932558545874 -0.5359178277599358
-0.23596353669860584 -0.46038881081906635
0.3716934225813243 0.8948199271834998
-0.8106185356458435 -0.31688749460144355
-0.13710092600515877 -0.766871906009366
0.4492339974489535 -0.839827214893301
-0.862342855570641 -0.31848599208627093
-0.8972765047691654 -0.19186335171579966
-0.3518748037474434 -0.5117901558882032
0.7942067055030086 0.009642013988809085
0.8290697907990999 -0.4927340725553875
-0.9222880466256981 0.22079099299050972
-0.8436070371372936 -0.2581515192441316
-0.27353152513908013 0.6833357158412243
0.44926817318718 0.08511005735394007
0.09608071438440469 -0.7228366940800461
0.7073852318780172 0.5661335555439635
0.23985045259350576 -0.5798414584470396
0.7011983502383479 -0.4479103105719203
0.10874603289456004 0.14431116066862923
0.2847485948132681 -0.17719123613026397
0.38743629229196735 0.37822429501377625
0.887265204540508 0.050387845669739986
-0.14121227920844698 -0.9747754505964692
0.5004633229342688 0.06908777159833433
0.0022991903850971187 0.5558104902213399
0.9388076082346064 -0.002059037354660121
0.011742422863428938 0.21626121591868327
-0.36103889212342893 -0.8787868742432099
-0.5118148188219593 -0.8059231410005231
0.8822313710025532 -0.42381780701875865
0.0143901647931484 0.05460500545801114
0.2142499998836224 0.6661104641158655
-0.7366141191399889 -0.6397315071142301
-0.7924615034973924 0.10992090407144968
0.15554891534600657 -0.5331139358181531
0.29002681171496936 -0.05723919001415549
0.33333579759081644 -0.19448922187269002
-0.8594021200706583 -0.21051317396572075
-0.4136846119486898 0.5047742289908581
-0.3788344446003168 -0.2968938394579792
-0.17392173833101104 -0.18466509947309587
-0.5131074955301254 0.7632059431513849
-0.7791468352448524 0.40129249637311515
-0.4360813913735776 0.5860819312452906
0.5072422826833918 -0.6930520965843133
-0.43973947299847443 0.8725765337156592
0.576375776848441 0.503602464981076
0.0737071504634795 -0.05644133685256718
-0.026685344738993515 -0.534308250887088
-0.25199497893320577 -0.6414384150571142
0.33592902145825243 -0.41262562782485107
-0.06842727962464806 -0.6888946912385905
-0.5793088975099686 0.3766129926936786
-0.79930345901172 -0.318523147555179
-0.23716423400457567 0.6664092035245958
0.38701244248167677 0.88826798922256
-0.03889961519925389 -0.34027426372449254
-0.1615788529997696 -0.8924439445817002
-0.4095143491275652 0.5418612899732551
-0.2034553186850118 -0.8677355123573908
0.6353627595689937 -0.11056739913175481
0.5431817916762851 -0.7845967216210656
0.4931682801362279 0.26154262887324986
0.5262134230341641 0.3070050742850616
-0.1191289777463118 0.8596500845541025
-0.3550490054161363 0.3129289683779968
0.7144272196788716 0.39769698068826076
0.08513999819109433 0.006730185080939461
0.11588111443905803 0.011789495671133979
-0.7610693906795791 0.6099503909472139
0.1815043990495532 0.9056446727138238
0.10669889348551606 0.11934843481872151
-0.2329917541358191 -0.21880193283810728
-0.22488766936803922 0.5702324951511826
0.286520323317678 0.4700169842732469
0.324071601582641 0.3911662278228538
-0.3293427367108866 0.301657142610241
0.5793608236926462 0.012988336125998328
0.49856459801578146 -0.8010803946804396
-0.004823243284174277 0.8411333096131433
0.7746936964815291 -0.38051547532418545
0.2673493593844519 0.27232864749680363
0.3155271073700627 0.007305976723051033
-0.8878420241455905 0.028685893814194594
0.033242899165717155 0.14776712513654475
0.024619941234127956 0.017611452062791525
-0.4353282138107085 -0.7585008855359128
0.5101528131701885 -0.6331061293893937
0.8068338905976864 0.5264865529778017
-0.5573094933788552 -0.10336853952218993
0.3917246622891968 0.2658475071826267
-0.8020344195307508 -0.25572892624547444
0.616930077528722 -0.7280318100228879
-0.32635466929699025 0.5337106598814899
-0.5240261020998035 0.6992502175028059
-0.759806770043946 -0.528221607304797
0.7611637601050059 -0.35106094674978683
-0.5531650180306585 -0.382347907706553
-0.583641366553682 0.3514265636473815
0.1004711936791073 0.5302783679443399
0.38939352553577355 -0.3288438309732391
0.08771851770033214 -0.5204706719072566
0.4529698931659081 0.5638832319258756
0.31781724693265273 -0.23385718845078465
-0.11442588633020587 -0.1437761543995952
0.6847769243782104 0.35449589469186743
0.5570032749509694 0.20185411950753945
0.45276779180174487 -0.7389885193988516
0.7305967075480099 -0.36394207879797125
0.07494247246670928 -0.1066048961130839
-0.11961853268136192 -0.28246338187286407
-0.5274771795248332 -0.5265818895421897
-0.3037479391470296 0.69482436448985
0.27835421449372194 0.862818717959795
0.3148802530183324 -0.6111417357569702
0.7132393664511725 0.5759078167053879
0.6642289618891093 0.19934025630017838
-0.09998716572461926 0.6822781656936393
0.31975446497051335 0.4552355775507613
0.2605556594604629 0.6776803938831739
-0.42989921950943955 -0.39998782076655787
0.03886272063130729 -0.021343407639932532
-0.7364747402898311 -0.315060711654012
0.09809091970948328 -0.30578732032152084
0.17138491483631518 0.39085949666009623
0.8070982018863634 -0.30209468513793913
0.20883048732455625 -0.843963574664926
-0.12710972593662886 0.1505791971590202
0.0908957705182006 -0.7027686117067933
0.5157622605503891 0.2946685825981439
-0.4939836302750192 -0.06927154105298278
0.19574528863265972 0.6735419307620251
-0.48192945832130935 0.8631613999223628
0.6912892332943131 0.2457851135228858
-0.8997929748569546 -0.1674447070193222
-0.4466681893367987 -0.7119628713609238
-0.4735352682344014 0.8378881129413219
-0.41657624107663566 -0.004734080988151566
-0.10421715249064983 -0.20067937935962152
-0.5105790905479011 0.34428408862916826
-0.3409974112988271 -0.35027880311272774
0.3438552181795002 0.12511551778744753
-0.3288633735920531 0.8942991694992787
-0.30847069039765224 0.8641325006755111
0.41719501273672227 -0.34374169213806655
0.8679202623750899 -0.05923853425531699
-0.18673908516965484 0.37326368925707476
0.21554275631381709 0.3287320656907448
-0.6526912023649241 -0.2934276612939097
-0.1851438669850774 0.7116921040721781
0.2397579379971713 -0.830732610321293
-0.11421151045711425 0.6700425304381525
-0.07441549019785909 -0.6287506529827336
0.11887657514248494 0.1839923155430766
-0.004596084244333617 0.42870636214108154
-0.11407505659134848 -0.8947974909556801
-0.38966497644802534 0.04674827733526976
0.42564472569843714 -0.56954578579623
0.27989437316419774 0.44560982305006214
0.21452271900053665 -0.28667678039059497
-0.6073180386065908 -0.17597399511916717
0.4929344863939066 0.2731697459172047
-0.22310048768812873 0.5223229855427961
0.06382796062874009 0.13652841769551025
-0.14562953674145576 -0.23891069422018846
0.5548778255570375 0.10140330675340214
0.4406999322543604 -0.45872807315313796
0.7667337565789414 0.47955225399415263
0.8574742716607829 -0.40116569325941004
-0.22945136494853885 0.1917004706437329
0.16590454446291605 -0.8680920433784527
-0.46999714821127553 0.846213077722785
-0.05555875612953339 0.39671560488049756
0.3587590707868004 -0.518842650123218
-0.39258282463466376 0.4133334997619461
-0.5996514301840776 0.4046510827336688
0.4266998735694329 0.09411376612325818
-0.07548372838133258 -0.6204376166920056
-0.4917893256051909 0.47749897549703685
-0.5709391355293312 0.35000162243515487
-0.6859692791672205 -0.4856793447738486
-0.28518576182834166 0.7806068655507648
-0.3841352642953255 -0.8909707977894366
0.6500715050981177 -0.30703465819606485
-0.22515072644802975 -0.7485343213719243
-0.7074458315817657 0.6211959097487026
-0.46211533280736605 -0.7187383599313827
-0.691706576247471 -0.3733822670120273
-0.08465826467582664 0.6861415532390128
-0.19606603372485287 -0.08167277755064031
-0.39362155553768097 0.3037513714978461
0.6848974436163769 -0.7037554107180625
-0.28462775141024416 0.06924354883007068
-0.18125649352060458 0.6916968648780072
0.3638199710545023 -0.807040825313066
0.0015778317377002904 0.5191200442989342
0.18488681950368788 -0.5108784739809112
-0.3892611166585613 -0.5546467877293915
0.2069315227660009 -0.47148131004901067
-0.7060144570191651 0.4871344153865242
0.19877729313107168 -0.8525231634635378
0.31355930423025213 -0.3499280792064725
-0.2245035242815405 0.4253864841168415
-0.08467303703592567 0.26941654783820723
-0.4531203795871876 0.39765796151515553
0.4141880987586743 0.48471632741331083
-0.6255706403630878 0.2811155848667113
0.6998414148838362 -0.4069871649667261
-0.2604304714772277 0.38371945099385724
0.26800116633421744 0.9121562104338831
0.08336830683186316 -0.0883548346525448
0.039510285928719094 -0.8898542941105789
0.434712515906569 0.2341595861937753
-0.34010856182017274 0.17454706576740608
0.20751382723297437 -0.4315087934854227
-0.05559490796911622 0.13424353318126442
0.49125331269360223 0.6449317360721019
-0.682519796984118 0.523249682375607
-0.2512750423039616 0.44269330991898426
0.3351280876067695 0.0386343004984402
-0.2042319280453364 -0.8707754132179296
-0.208557650558365 -0.18521506481752742
-0.37285083657810947 -0.41304594442841436
-0.4549596580877935 0.26327905310634075
-0.45618211792810426 0.614015690140066
0.9195993182238943 0.14369802141079596
-0.20369798164252276 0.4319881148222382
0.2806605608744992 -0.551917458262617
-0.3490884693009946 -0.7559422745580304
-0.32787441983974663 -0.04759754022651758
-0.7064043441220496 0.16314398772456296
0.3552177543336808 -0.37167476650354997
0.6730926696459052 -0.11667072909197783
0.3862684851170091 0.6382427879641679
-0.9006590870944475 -0.24431473663872233
0.4248603851260094 -0.869399976203449
0.7375499448529029 -0.07982424545243957
-0.5257159599252559 0.08399761730606928
-0.8937717241328106 -0.019689394701884605
-0.3742229335698031 0.38741577232656677
-0.5035283309994258 -0.3731642915679949
0.5113901627931013 -0.5814031203616469
-0.0878604849122006 0.15580134079886826
0.90848901526621 -0.21175279658092522
0.1349405805138117 0.08044474194748767
-0.8916491860360822 0.32014952583269435
-0.4290615398947028 -0.25141284185067403
-0.055558842315945885 -0.3570888519243935
0.04494400908436257 -0.9321335116491023
0.15911601890701726 0.9438374960410498
-0.4695832634808551 0.2950880724145725
-0.5429484756735673 0.1332272769872029
-0.42846226680051575 0.7072777590350366
0.32081695807051336 -0.38881816514445605
0.3547927691778005 -0.25234112987563134
-0.7504138653399176 -0.07932398441832027
0.30281805920500243 -0.11626644482270025
0.6280634444032328 0.7479008790825714
0.5173092186251369 -0.2584994145225506
0.44099436969251 0.20337137023539406
0.8425840939895252 -0.05426409501920767
0.6734494676643265 0.5919946249820472
-0.5639228945636181 -0.6412228972287563
0.37294962654069586 -0.49270924440164166
-0.18049979438784922 0.34753157303016396
-0.33692910746842863 -0.6792415547512995
0.024040440502888186 -0.37980659935913025
-0.8615024213405902 -0.3568207258635528
0.7322727190299455 0.6377061378192803
-0.12165041096466027 0.5440917373264064
-0.1671458766381254 0.2700341317990754
0.6142109484201207 0.4418095302294143
-0.388383856263557 0.791318929478784
-0.7058109471894494 0.3026008823507257
-0.017372860226490986 -0.9734620436516376
-0.7798609958670012 0.23648613767087778
-0.5265345439505454 -0.7412154520128631
0.6214677433516972 0.2441574185353262
0.5531472056689326 -0.10071179738750949
-0.11499953323833195 -0.44239032122359634
-0.06676969822744991 -0.049256490861903215
-0.8636463405911696 0.3351273354326031
0.2642209720262425 -0.5836341594536999
-0.16869625610498973 0.7123052467834485
0.3935697267369026 0.5597349336907186
0.16415548476891298 -0.6399014990210681
0.08294646128731366 0.31008735858602343
0.5007103083891302 -0.03837443542209895
0.9674744669481293 0.16811929979959783
-0.32745696178718325 0.3895136315515784
0.0072801509543171635 0.5439672565607575
0.0703958559703975 0.585665414151657
0.10680426375380425 0.2037308578741215
0.0823266506204968 0.41641899568538987
-0.6468765567252838 -0.5169647611798772
0.45772122159058926 -0.8620220706355686
0.13373228244217478 -0.5349801991097407
0.23927739870402667 -0.02398861289622249
0.33277598994376606 0.008373926117198126
-0.8156507495463998 -0.5312867681036872
-0.26959416440315304 0.7712568534352164
-0.5259148984465399 -0.543507996739372
0.24832767406439563 0.47480893823515585
0.33824770770342955 0.12123181553559974
-0.5914337734640024 0.3799702684015647
-0.8228038227496216 0.5191260477660581
-0.4359931585774368 -0.5185752671438656
-0.5775044683970201 0.636583858016649
-0.266895034483957 0.05430032190881918
0.6753470237606319 0.5368466211285429
-0.22693400777890196 -0.5729444757969575
0.39228094879363135 -0.11328791451328912
-0.5633320994720947 -0.29516377220243867
0.1492681547626711 0.27139774741082984
0.5388662527959223 0.6799977584570001
0.7512621716804522 -0.5363790277717714
0.6435703689935337 -0.34471557909487116
-0.28384478243100253 0.3478131081408182
0.2739167515064205 -0.4067251407619555
-0.7637286678771519 -0.17840623218302332
0.9321568821452202 0.29880084293375125
0.29654011297584665 0.4141753222419119
-0.12223671911647625 -0.18983101260321178
-0.6069847473124476 -0.31703173336845697
-0.05117194946324703 0.9230211587011962
0.20834895232689526 0.4126632082923672
0.06904873993252188 0.7125813776476343
