0.608420508713	0.000573135816	0.608484637899	0.001169698845	0.608548767085	0.001766261874	1
0.764281059572	-0.002586135598	0.764730712259	-0.002188879432	0.765180364946	-0.001791623266	1
0.529243060519	0.002939118759	0.528644615682	0.002982290241	0.528046170845	0.003025461722	1
0.698303210470	-0.001809543390	0.698446373768	-0.001226873441	0.698589537067	-0.000644203491	1
0.151743593761	-0.000223290421	0.152051124762	0.000291903410	0.152358655762	0.000807097241	1
0.949167826302	0.009931736638	0.949754230666	0.010058740269	0.950340635030	0.010185743899	1
0.869580531112	0.004043783168	0.869470552824	0.004633617701	0.869360574536	0.005223452234	1
0.828142045710	-0.008382793758	0.828723782661	-0.008235885214	0.829305519611	-0.008088976669	1
0.762927504701	-0.004502258249	0.763373148076	-0.004100509593	0.763818791451	-0.003698760937	1
0.804880156032	-0.002544507995	0.805030899107	-0.001963752861	0.805181642182	-0.001382997727	1
0.950844618264	-0.010223137822	0.950526728835	-0.009714270148	0.950208839405	-0.009205402473	1
0.655714589224	-0.003429966208	0.655253290043	-0.003046295691	0.654791990862	-0.002662625175	1
0.821358500654	-0.004631723999	0.821860897103	-0.004303702952	0.822363293553	-0.003975681904	1
0.869647521792	-0.009258613448	0.869860921462	-0.008697845599	0.870074321131	-0.008137077749	1
0.351324068680	-0.002507972341	0.351448104054	-0.001920932968	0.351572139427	-0.001333893594	1
0.980050848199	0.000979949704	0.979518983415	0.001257654316	0.978987118631	0.001535358927	1
0.279610073331	-0.002305510525	0.279846398439	-0.001754012162	0.280082723547	-0.001202513800	1
0.906134842526	-0.005215850829	0.905974762559	-0.004637599669	0.905814682592	-0.004059348508	1
0.635058785955	-0.005871146106	0.634950016675	-0.005281087428	0.634841247394	-0.004691028750	1
0.669785384695	0.000925222424	0.670028441753	0.001473787157	0.670271498811	0.002022351890	1
0.914684217406	-0.001626763128	0.914086827167	-0.001570862307	0.913489436927	-0.001514961487	1
0.801675785251	0.007725432580	0.802163618287	0.008074744660	0.802651451323	0.008424056739	1
0.726544123157	-0.005113701487	0.726064350205	-0.004753398954	0.725584577254	-0.004393096421	1
0.539128351124	-0.006751002946	0.538978923474	-0.006169907965	0.538829495823	-0.005588812984	1
0.725353876571	0.007681565344	0.724759040313	0.007760113579	0.724164204054	0.007838661814	1
0.587266497857	-0.006564513881	0.587693499967	-0.006143005639	0.588120502077	-0.005721497398	1
0.535677451694	0.005147163329	0.536057249750	0.005611655995	0.536437047806	0.006076148661	1
0.940621097184	-0.000003942338	0.940164740342	0.000385593838	0.939708383500	0.000775130015	1
0.847698897274	0.007293919545	0.847529459460	0.007869498234	0.847360021646	0.008445076923	1
0.583168868214	-0.004836173148	0.583588673906	-0.004407497069	0.584008479598	-0.003978820990	1
0.899385571813	0.002479236502	0.899174926891	0.003041044936	0.898964281968	0.003602853370	1
0.640079639314	-0.000952809818	0.639910503686	-0.000377142258	0.639741368059	0.000198525302	1
0.574870914361	0.003119478299	0.574828639293	0.003717987128	0.574786364224	0.004316495957	1
0.455178585778	0.004780437957	0.455026541080	0.005360853678	0.454874496383	0.005941269400	1
0.936964136776	-0.003836456030	0.937075853554	-0.003246948302	0.937187570332	-0.002657440574	1
0.331170270448	-0.002569599616	0.330610418921	-0.002353807430	0.330050567393	-0.002138015245	1
0.932151608442	-0.005003373188	0.931749104937	-0.004558411472	0.931346601433	-0.004113449756	1
0.799462914319	0.007092397090	0.798984297653	0.007454234191	0.798505680988	0.007816071291	1
0.860707957139	0.003503114000	0.860141771985	0.003701694892	0.859575586830	0.003900275784	1
0.379980718492	0.000875502884	0.380179204383	0.001441721351	0.380377690273	0.002007939817	1
0.700291451003	0.006356391900	0.700792865496	0.006685912015	0.701294279989	0.007015432131	1
0.951852636246	0.001498093239	0.951749763572	0.002089208467	0.951646890898	0.002680323696	1
0.496796437454	0.004171206818	0.496269392752	0.004457953888	0.495742348050	0.004744700957	1
0.499462344642	-0.004617193516	0.499742014771	-0.004086359626	0.500021684900	-0.003555525736	1
0.596271694425	0.002337122673	0.596596275941	0.002841748117	0.596920857458	0.003346373561	1
0.675950128007	-0.002665508053	0.675401302844	-0.002423039622	0.674852477681	-0.002180571190	1
0.539003857980	-0.004590344245	0.538720767372	-0.004061326564	0.538437676763	-0.003532308882	1
0.560458457995	-0.000339976261	0.560016309403	0.000065615434	0.559574160811	0.000471207128	1
0.540547935394	-0.004288512393	0.539948284870	-0.004268036830	0.539348634346	-0.004247561267	1
0.788979094738	-0.003041734100	0.789542807902	-0.002836240869	0.790106521067	-0.002630747639	1
0.764079716240	0.006271237954	0.764237255225	0.006850186543	0.764394794209	0.007429135132	1
0.815358111663	0.001282210478	0.815604536310	0.001829270706	0.815850960957	0.002376330934	1
0.541687110009	0.002716290429	0.541198256694	0.003064173220	0.540709403378	0.003412056010	1
0.397527844981	0.004191296574	0.397926142930	0.004640026720	0.398324440879	0.005088756865	1
0.789295986796	-0.006202922807	0.788761282328	-0.005930725944	0.788226577861	-0.005658529080	1
0.773330107682	0.008973389602	0.772860364940	0.009346674688	0.772390622197	0.009719959775	1
0.698752485618	0.003543554233	0.698405336831	0.004032929059	0.698058188045	0.004522303884	1
0.615147202152	0.002919987588	0.615123071530	0.003519502153	0.615098940907	0.004119016717	1
0.472314005185	-0.004863303552	0.472253705361	-0.004266341299	0.472193405537	-0.003669379046	1
0.446442536169	0.000596154761	0.445986395485	0.000985944032	0.445530254800	0.001375733304	1
0.238971642051	-0.001946983303	0.239563372421	-0.001847710097	0.240155102791	-0.001748436892	1
0.456055463515	0.002295572900	0.456613093766	0.002517041867	0.457170724016	0.002738510834	1
0.670533321009	0.005462544914	0.670854525696	0.005969326473	0.671175730382	0.006476108033	1
0.707919385057	-0.007533353995	0.707679768271	-0.006983277823	0.707440151484	-0.006433201650	1
0.496736668780	-0.001825139597	0.497093976539	-0.001343132164	0.497451284298	-0.000861124731	1
0.894340704661	0.003938880832	0.893861086870	0.004299389881	0.893381469078	0.004659898930	1
0.662693735740	-0.002654905089	0.663283068698	-0.002542269994	0.663872401656	-0.002429634898	1
0.694743422639	0.007401423084	0.694238953663	0.007726247733	0.693734484688	0.008051072382	1
0.993646427906	-0.005133560826	0.994156254290	-0.004817211244	0.994666080674	-0.004500861661	1
0.373188350550	-0.003077203189	0.372963173090	-0.002521060121	0.372737995631	-0.001964917053	1
0.824895258061	0.001768602307	0.825387263599	0.002112012484	0.825879269138	0.002455422662	1
0.611322056673	0.002017425776	0.610989309017	0.002516704253	0.610656561360	0.003015982729	1
0.734419857769	0.005076480926	0.734056101663	0.005553640748	0.733692345556	0.006030800569	1
0.739650473961	-0.004196817134	0.739549230520	-0.003605420680	0.739447987079	-0.003014024226	1
0.914214534297	0.005631813879	0.914049836656	0.006208766812	0.913885139014	0.006785719745	1
0.151049087290	-0.000891344028	0.150713282501	-0.000394116571	0.150377477713	0.000103110886	1
0.758287707922	0.003648700200	0.758251343369	0.004247597202	0.758214978816	0.004846494204	1
0.710772726956	-0.001684336926	0.710520753775	-0.001139810053	0.710268780593	-0.000595283180	1
0.831839879923	-0.009672051818	0.832393388511	-0.009440474093	0.832946897100	-0.009208896368	1
0.851539888321	-0.009597825148	0.851603919392	-0.009001251580	0.851667950462	-0.008404678012	1
0.748699713192	-0.003208878323	0.749161801781	-0.002826158928	0.749623890370	-0.002443439532	1
0.502742738224	0.004914441123	0.502629385298	0.005503636434	0.502516032373	0.006092831745	1
0.826698371472	-0.000157347011	0.826858954358	0.000420764689	0.827019537243	0.000998876388	1
0.868627580589	-0.003255498373	0.868978505494	-0.002768824241	0.869329430399	-0.002282150108	1
0.981951183041	0.000575786059	0.982541478654	0.000683262050	0.983131774268	0.000790738040	1
0.505795718902	0.002427402186	0.505355789227	0.002835399590	0.504915859553	0.003243396994	1
0.922892625780	0.000407370141	0.922356906952	0.000677565140	0.921821188124	0.000947760139	1
0.973821393108	-0.009364422296	0.974136041374	-0.008853544162	0.974450689641	-0.008342666028	1
0.977288773147	0.009554300138	0.977137509670	0.010134919946	0.976986246194	0.010715539753	1
0.525519394698	-0.005917512695	0.525364143483	-0.005337946426	0.525208892268	-0.004758380157	1
0.245276643173	-0.001125582610	0.244719992369	-0.000901663242	0.244163341566	-0.000677743874	1
0.704345453150	0.006929886720	0.704087886134	0.007471790062	0.703830319117	0.008013693404	1
0.682732180681	-0.002356843377	0.682264512292	-0.001980962707	0.681796843902	-0.001605082037	1
0.513262426239	-0.004608164407	0.512888017423	-0.004139316843	0.512513608608	-0.003670469278	1
0.991279204015	0.003042325741	0.991016313110	0.003581666424	0.990753422205	0.004121007107	1
0.938944568471	0.008437625843	0.938939420881	0.009037603761	0.938934273291	0.009637581680	1
0.745598222988	0.001943025932	0.745883537029	0.002470847775	0.746168851071	0.002998669617	1
0.962069765410	0.011547233287	0.961479256806	0.011653532813	0.960888748203	0.011759832340	1
0.578615985135	0.004390924471	0.578102095151	0.004700629305	0.577588205167	0.005010334139	1
0.549436200339	-0.001891819467	0.549951746148	-0.001584878889	0.550467291957	-0.001277938310	1
0.510284456008	0.000880241154	0.510545824939	0.001420321039	0.510807193870	0.001960400924	1
0.579763297240	0.000413471246	0.580282022985	0.000715006653	0.580800748730	0.001016542060	1
0.950850578024	0.000930026550	0.950278960355	0.001112381262	0.949707342687	0.001294735974	1
0.980567325622	-0.011624664889	0.980281275222	-0.011097241749	0.979995224822	-0.010569818609	1
0.731700974261	0.003173446277	0.732148027146	0.003573625886	0.732595080030	0.003973805494	1
0.917304607251	-0.005133863248	0.917100574788	-0.004569619724	0.916896542324	-0.004005376200	1
0.813151183671	-0.008686601133	0.812554966018	-0.008619336656	0.811958748364	-0.008552072179	1
0.715919420805	-0.005478671775	0.715828440891	-0.004885609675	0.715737460978	-0.004292547574	1
0.660410193508	0.004688044841	0.660056566019	0.005172758777	0.659702938530	0.005657472712	1
0.844479851490	-0.005814647398	0.845050800307	-0.005630209201	0.845621749123	-0.005445771004	1
0.680489587210	-0.002137818620	0.680521773060	-0.001538682516	0.680553958911	-0.000939546413	1
0.676990002659	-0.005978318557	0.677158591915	-0.005402490751	0.677327181172	-0.004826662944	1
0.677192530811	-0.001096008376	0.676949125728	-0.000547597978	0.676705720645	0.000000812421	1
0.809703970310	0.003146457088	0.810009019058	0.003663124546	0.810314067806	0.004179792003	1
0.903482032309	0.005327441077	0.902889711031	0.005423125472	0.902297389753	0.005518809867	1
0.588167742609	-0.007410811485	0.587628605711	-0.007147502911	0.587089468813	-0.006884194337	1
0.397682567189	-0.000964007046	0.398209451732	-0.000676965798	0.398736336275	-0.000389924549	1
0.870648161350	-0.007085717419	0.871095859305	-0.006686259610	0.871543557260	-0.006286801801	1
0.630263175678	-0.002686045097	0.630412746332	-0.002104986908	0.630562316987	-0.001523928719	1
0.304304292530	0.002638636197	0.304753127167	0.003036816394	0.305201961803	0.003434996590	1
0.750939451466	-0.000356100690	0.751500037498	-0.000142223856	0.752060623530	0.000071652979	1
0.787438193952	-0.001386614497	0.787282139913	-0.000807263880	0.787126085875	-0.000227913263	1
0.702853675457	-0.004647630796	0.703265646840	-0.004211420320	0.703677618223	-0.003775209844	1
0.574050290350	-0.005784726961	0.573998475968	-0.005186968423	0.573946661587	-0.004589209885	1
0.860201938461	0.000783904809	0.860619187095	0.001215070180	0.861036435730	0.001646235551	1
0.268906194137	-0.002424653249	0.269013003083	-0.001834236575	0.269119812028	-0.001243819901	1
0.776798619203	0.004657665229	0.777378330690	0.004812373316	0.777958042176	0.004967081404	1
0.676336316470	-0.006578568657	0.676076180324	-0.006037893907	0.675816044178	-0.005497219157	1
0.383237932011	0.003459297587	0.383458819376	0.004017158477	0.383679706741	0.004575019366	1
0.930006838569	0.003497297138	0.930606510044	0.003517149654	0.931206181519	0.003537002171	1
0.949346915870	-0.003524815890	0.949216734065	-0.002939108884	0.949086552259	-0.002353401877	1
0.882598763188	0.006064686082	0.883129125281	0.006345249890	0.883659487374	0.006625813697	1
0.485254737766	-0.000961089661	0.485376326013	-0.000373538559	0.485497914261	0.000214012544	1
0.558499208005	-0.006960747324	0.558771768990	-0.006426228373	0.559044329975	-0.005891709421	1
0.477736950025	0.002652743222	0.478209887868	0.003021971873	0.478682825711	0.003391200523	1
0.333962849387	-0.001692617487	0.334032631379	-0.001096689242	0.334102413371	-0.000500760996	1
0.825547583944	0.005952345640	0.825014697209	0.006228084153	0.824481810474	0.006503822665	1
0.756912698136	0.008105539181	0.757438332956	0.008394862592	0.757963967776	0.008684186004	1
0.829502376538	0.005869392063	0.828980100417	0.006164735344	0.828457824296	0.006460078624	1
0.902408658346	0.001932348112	0.902599771271	0.002501097485	0.902790884196	0.003069846859	1
0.477370209564	0.001175463289	0.477211837383	0.001754184510	0.477053465203	0.002332905732	1
0.467986527314	-0.003814745115	0.467917119229	-0.003218773205	0.467847711145	-0.002622801295	1
0.298624097024	0.001468719858	0.298227351072	0.001918822790	0.297830605120	0.002368925722	1
0.437592081446	0.001027116553	0.436992247576	0.001041234904	0.436392413705	0.001055353255	1
0.936340854849	-0.009088625228	0.936850550486	-0.008772065032	0.937360246123	-0.008455504836	1
0.964002374683	-0.004860047387	0.963542885434	-0.004474211114	0.963083396184	-0.004088374840	1
0.925801494230	0.009653778048	0.925775159338	0.010253199830	0.925748824447	0.010852621613	1
0.361068128978	-0.004595410273	0.361328898504	-0.004055040720	0.361589668030	-0.003514671167	1
0.699234473598	-0.004819372694	0.699044156799	-0.004250356424	0.698853839999	-0.003681340153	1
0.502932201520	-0.006138675049	0.502422459238	-0.005822189969	0.501912716955	-0.005505704890	1
0.890513933598	0.002300817300	0.891098774294	0.002434837300	0.891683614990	0.002568857300	1
0.756413007219	0.002820349841	0.755931538564	0.003178383266	0.755450069908	0.003536416691	1
0.826945282636	0.006961309404	0.827426080058	0.007320243715	0.827906877480	0.007679178025	1
0.400959610700	0.002295812169	0.400853571273	0.002886367534	0.400747531845	0.003476922900	1
0.681005327167	-0.000665909543	0.681603078062	-0.000614007063	0.682200828957	-0.000562104583	1
0.676898544870	-0.008226624565	0.677257159692	-0.007745588797	0.677615774513	-0.007264553029	1
0.996538344709	-0.009033325854	0.996110955675	-0.008612209939	0.995683566641	-0.008191094024	1
0.664464636528	-0.004229836516	0.664551990784	-0.003636229547	0.664639345041	-0.003042622577	1
0.904394347582	0.003763695616	0.904919557396	0.004053789827	0.905444767211	0.004343884037	1
0.364709212393	0.000302009549	0.364443817787	0.000840122644	0.364178423182	0.001378235739	1
0.393818956229	0.000177695108	0.393609112440	0.000739803269	0.393399268652	0.001301911430	1
0.982507140374	-0.007623700045	0.981946402878	-0.007410220629	0.981385665382	-0.007196741213	1
0.456103717296	0.003726260311	0.456685935220	0.003871250964	0.457268153144	0.004016241616	1
0.421417580185	-0.004546922217	0.421997942510	-0.004394673830	0.422578304835	-0.004242425443	1
0.581446199842	0.004161113119	0.581006061279	0.004568885169	0.580565922715	0.004976657219	1
0.903274296156	0.008892843467	0.903637118205	0.009370713911	0.903999940254	0.009848584354	1
0.893280303594	0.002203788564	0.893679371099	0.002651834462	0.894078438603	0.003099880360	1
0.817306649400	0.008943433333	0.816890139078	0.009375311965	0.816473628757	0.009807190596	1
0.417820041696	-0.001003380792	0.417224329423	-0.000931778503	0.416628617150	-0.000860176214	1
0.435539957044	0.001993409921	0.434946066308	0.002078813632	0.434352175572	0.002164217342	1
0.808671525676	0.004644954799	0.809082648651	0.005081964982	0.809493771626	0.005518975164	1
0.528960705242	-0.003200090738	0.529321129162	-0.002720408971	0.529681553081	-0.002240727203	1
0.637366768863	0.005892990678	0.637777769151	0.006330116248	0.638188769439	0.006767241817	1
0.862533009814	-0.000921576005	0.862023576439	-0.000604593929	0.861514143064	-0.000287611853	1
0.979870940247	0.005667468677	0.980002222393	0.006252930032	0.980133504540	0.006838391387	1
0.949630393780	0.002061192591	0.950206757401	0.002227940836	0.950783121021	0.002394689081	1
0.245492963343	0.000542451767	0.246034237681	0.000801338018	0.246575512019	0.001060224269	1
0.747639113743	0.006174520034	0.747753681232	0.006763480381	0.747868248720	0.007352440728	1
0.469528533041	0.003043623290	0.470120419939	0.003141958941	0.470712306837	0.003240294593	1
0.697804647172	0.000198610689	0.698054399375	0.000744159804	0.698304151578	0.001289708919	1
0.548289181765	0.003963659107	0.548799942917	0.004278497233	0.549310704068	0.004593335360	1
0.393585038671	0.001222609722	0.393537217608	0.001820700974	0.393489396544	0.002418792226	1
0.442422620698	-0.001284766193	0.442642801284	-0.000726625969	0.442862981870	-0.000168485745	1
0.991482429003	-0.007639068613	0.991912779215	-0.007220979275	0.992343129428	-0.006802889937	1
0.502175084805	0.002096708181	0.502140656485	0.002695719609	0.502106228164	0.003294731037	1
0.837887530659	-0.006127352139	0.837496149961	-0.005672576205	0.837104769263	-0.005217800272	1
0.811956960508	0.000176558149	0.812542312571	0.000308326741	0.813127664634	0.000440095333	1
0.508355895503	0.003318355375	0.508268906372	0.003912015961	0.508181917241	0.004505676547	1
0.689407029525	0.007033219327	0.688865613010	0.007291808106	0.688324196494	0.007550396885	1
0.719819863744	0.002259186967	0.719628936541	0.002827998714	0.719438009338	0.003396810460	1
0.759052125498	-0.002894259772	0.759398024167	-0.002404000544	0.759743922836	-0.001913741316	1
0.960856132847	-0.008563649208	0.960906191555	-0.007965741083	0.960956250263	-0.007367832958	1
0.619070931871	-0.002408777956	0.618514496604	-0.002184323521	0.617958061336	-0.001959869086	1
0.318978115980	0.003416449961	0.318458224007	0.003715970139	0.317938332035	0.004015490316	1
0.828207033367	-0.007064352861	0.828802279454	-0.006988973184	0.829397525541	-0.006913593507	1
0.766631875679	-0.008401518321	0.766226724843	-0.007958965725	0.765821574007	-0.007516413129	1
0.523605447664	0.003815211042	0.523351520653	0.004358829542	0.523097593643	0.004902448042	1
0.653877277202	-0.001433620513	0.653457247990	-0.001005163442	0.653037218779	-0.000576706371	1
0.440514344101	0.002246636936	0.439919430093	0.002324594123	0.439324516085	0.002402551309	1
0.713536189449	-0.006937190764	0.714080515695	-0.006684784469	0.714624841942	-0.006432378175	1
0.924483772929	-0.004448296640	0.924382147851	-0.003856965647	0.924280522773	-0.003265634653	1
0.800517948482	0.007716350523	0.800690949767	0.008290868195	0.800863951052	0.008865385867	1
0.219308391520	-0.002836560434	0.218956089114	-0.002350882542	0.218603786708	-0.001865204650	1
0.506215755950	-0.003146632178	0.506441378691	-0.002590669608	0.506667001432	-0.002034707039	1
0.774996000231	-0.001402637332	0.774408105623	-0.001282720987	0.773820211015	-0.001162804642	1
0.983464429418	-0.001439759174	0.983571808435	-0.000849445912	0.983679187452	-0.000259132650	1
0.978596715812	-0.010037049068	0.978013381987	-0.009896615283	0.977430048161	-0.009756181497	1
0.961539336713	-0.001496074260	0.961422584075	-0.000907543189	0.961305831437	-0.000319012118	1
0.493686548760	-0.000003314253	0.494201515892	0.000304596209	0.494716483024	0.000612506671	1
0.800852732221	0.002073062456	0.800777521193	0.002668329876	0.800702310165	0.003263597296	1
0.509510581100	0.004610280368	0.510084664574	0.004784717077	0.510658748047	0.004959153785	1
0.221353482321	-0.002512216533	0.221400567238	-0.001914066877	0.221447652154	-0.001315917221	1
0.632013550303	-0.007432408099	0.632548484172	-0.007160662342	0.633083418040	-0.006888916586	1
0.575938901962	0.005375492759	0.575535176956	0.005819346473	0.575131451951	0.006263200187	1
0.845372337803	-0.003053504592	0.845854570070	-0.002696500333	0.846336802338	-0.002339496075	1
0.267798342780	0.001111832071	0.267781558931	0.001711597277	0.267764775082	0.002311362483	1
0.996262417652	0.003709829297	0.996466374802	0.004274100048	0.996670331952	0.004838370800	1
0.863086772432	-0.010206403322	0.863420361224	-0.009707686451	0.863753950016	-0.009208969579	1
0.179313586270	-0.000006917845	0.179862101954	0.000236249884	0.180410617638	0.000479417613	1
0.880443184212	-0.011131265639	0.880561606062	-0.010543068168	0.880680027913	-0.009954870696	1
0.831708675889	-0.006922511077	0.832305495646	-0.006860816854	0.832902315404	-0.006799122631	1
0.500743602158	0.004404539493	0.501234908243	0.004748949613	0.501726214329	0.005093359733	1
0.671344981647	-0.006084666425	0.671325925177	-0.005484969126	0.671306868707	-0.004885271826	1
0.705702424542	-0.002685896206	0.705340490780	-0.002207352633	0.704978557017	-0.001728809060	1
0.478044814353	-0.002615723267	0.477521292390	-0.002322594022	0.476997770428	-0.002029464776	1
0.348804461529	-0.000355090823	0.348602101830	0.000209754777	0.348399742131	0.000774600378	1
0.991789147915	0.008288345058	0.992350821080	0.008499350405	0.992912494244	0.008710355752	1
0.536462164226	0.002087278873	0.537034762232	0.002266531552	0.537607360239	0.002445784231	1
0.759521589781	0.006294827505	0.760017689925	0.006632295500	0.760513790069	0.006969763495	1
0.778574128543	-0.003455250742	0.779086827940	-0.003143578914	0.779599527337	-0.002831907086	1
0.787412858743	-0.004539489869	0.786915825105	-0.004203398271	0.786418791466	-0.003867306673	1
0.958147738672	0.000664936229	0.957626566231	0.000962222768	0.957105393790	0.001259509307	1
0.613414691983	-0.008078705177	0.613273521166	-0.007495549280	0.613132350349	-0.006912393383	1
0.496947648422	0.003079182374	0.496569012337	0.003544622719	0.496190376251	0.004010063064	1
0.898973431389	-0.002032381447	0.899239829941	-0.001494764658	0.899506228492	-0.000957147869	1
0.834528559244	0.005988856732	0.834601150658	0.006584449283	0.834673742072	0.007180041833	1
0.691247071024	0.002775775320	0.691234037988	0.003375633753	0.691221004952	0.003975492186	1
0.834784042490	0.000922499443	0.834809998619	0.001521937746	0.834835954749	0.002121376049	1
0.585611427845	-0.004432569524	0.585803117288	-0.003864014198	0.585994806730	-0.003295458873	1
0.676483647675	0.000787493209	0.676888993093	0.001229867590	0.677294338510	0.001672241971	1
0.218764846435	-0.001522334245	0.219329058046	-0.001318213549	0.219893269657	-0.001114092854	1
0.871699579833	0.006336393181	0.871404191457	0.006858643798	0.871108803082	0.007380894416	1
0.955257307352	0.005619177729	0.954671654070	0.005749601016	0.954086000788	0.005880024302	1
0.675667224315	-0.001203869713	0.675203640188	-0.000822963220	0.674740056060	-0.000442056726	1
0.994910630723	0.009174106969	0.995069448064	0.009752706184	0.995228265406	0.010331305400	1
0.487963651701	-0.005465897031	0.488388886191	-0.005042605609	0.488814120682	-0.004619314187	1
0.480580529982	-0.000309438932	0.481161451008	-0.000159336428	0.481742372033	-0.000009233924	1
0.951870278608	0.006329381133	0.951271688720	0.006370492522	0.950673098833	0.006411603911	1
0.623029802307	0.002884991600	0.622564625348	0.003263951224	0.622099448389	0.003642910849	1
0.497832730672	-0.000747061442	0.498414704229	-0.000601093026	0.498996677786	-0.000455124610	1
0.217250109485	-0.000189941703	0.217358693846	0.000400151033	0.217467278206	0.000990243769	1
0.992277320145	0.000998345730	0.992877011507	0.001017588125	0.993476702870	0.001036830520	1
0.957221286553	-0.008231676685	0.957708215215	-0.007881105041	0.958195143877	-0.007530533396	1
0.236768021287	-0.001705997191	0.237248820254	-0.001347064950	0.237729619221	-0.000988132709	1
0.723341751271	-0.004196667085	0.723926675847	-0.004063013653	0.724511600424	-0.003929360222	1
0.278519165028	-0.002141553275	0.279050153423	-0.001862176604	0.279581141818	-0.001582799934	1
0.374466881688	0.003846380093	0.374093535585	0.004316074342	0.373720189482	0.004785768591	1
0.803846407310	0.006815778503	0.803779594913	0.007412046986	0.803712782517	0.008008315469	1
0.482629205960	0.003861635904	0.482048380545	0.004012107952	0.481467555130	0.004162580001	1
0.898505104734	-0.011253148107	0.898804015367	-0.010732905438	0.899102925999	-0.010212662770	1
0.994362479995	0.011808957863	0.994887281524	0.012099790039	0.995412083054	0.012390622215	1
0.532868641873	-0.001206536444	0.533456649479	-0.001087175416	0.534044657085	-0.000967814388	1
0.817233813247	0.003051660482	0.817456944762	0.003608627561	0.817680076277	0.004165594639	1
0.782102577416	-0.009370460792	0.781830224578	-0.008835835754	0.781557871739	-0.008301210716	1
0.572851074505	0.001607791085	0.572474236077	0.002074688075	0.572097397650	0.002541585066	1
0.733885684509	0.006688292496	0.733817957320	0.007284457765	0.733750230131	0.007880623034	1
0.722205942236	0.005427698536	0.721654127454	0.005663283863	0.721102312672	0.005898869191	1
0.763339815272	-0.005902114873	0.763833422978	-0.005561011615	0.764327030683	-0.005219908356	1
0.504534327763	-0.004377411213	0.504068767868	-0.003998922133	0.503603207973	-0.003620433052	1
0.425063213358	0.003970728515	0.425510368430	0.004370793936	0.425957523502	0.004770859358	1
0.773607984081	-0.008096089256	0.773841558475	-0.007543420276	0.774075132869	-0.006990751295	1
0.758291355774	-0.007745890264	0.758814063867	-0.007451312177	0.759336771960	-0.007156734089	1
0.643742426410	0.004940951558	0.644160944899	0.005370884430	0.644579463387	0.005800817303	1
0.701133201820	-0.005806058708	0.700573467174	-0.005589963528	0.700013732529	-0.005373868349	1
0.787265412146	0.007935335840	0.786725934499	0.008197945566	0.786186456852	0.008460555292	1
0.585445819355	-0.007200441129	0.585226329376	-0.006642028961	0.585006839397	-0.006083616794	1
0.894891650276	0.010942760926	0.895490680449	0.010976861536	0.896089710623	0.011010962147	1
0.659758785105	-0.005767058015	0.659790552349	-0.005167899570	0.659822319593	-0.004568741125	1
0.716913433735	0.006196999239	0.716800470060	0.006786269303	0.716687506385	0.007375539367	1
0.437405799931	-0.003627069624	0.436979036137	-0.003205320097	0.436552272343	-0.002783570569	1
0.813316363194	0.006450252560	0.813904897698	0.006566987891	0.814493432202	0.006683723222	1
0.984642350698	-0.003105114898	0.984050307645	-0.003007723813	0.983458264592	-0.002910332728	1
0.705458606211	0.001918128738	0.704859596754	0.001952591335	0.704260587297	0.001987053931	1
0.870890788266	-0.000853504741	0.871351887018	-0.000469593369	0.871812985769	-0.000085681998	1
0.434891837272	-0.001155028076	0.435237141854	-0.000664350233	0.435582446437	-0.000173672390	1
0.887955851049	0.003598901327	0.888096847454	0.004182099419	0.888237843859	0.004765297510	1
0.767957555061	-0.005686243535	0.767357555299	-0.005685709400	0.766757555537	-0.005685175266	1
0.323569426255	-0.000532798404	0.323032493431	-0.000265023980	0.322495560607	0.000002750443	1
0.690423229951	-0.000310407196	0.689827545357	-0.000238574999	0.689231860763	-0.000166742802	1
0.397029252129	-0.005009654017	0.396558163505	-0.004638068888	0.396087074881	-0.004266483759	1
0.326632212617	-0.002682397071	0.326280023571	-0.002196636969	0.325927834526	-0.001710876868	1
0.719035186412	0.005738875233	0.718437952625	0.005796423510	0.717840718839	0.005853971787	1
0.522180979709	0.004979176013	0.521648592601	0.005255877960	0.521116205493	0.005532579907	1
0.796845383495	-0.008008251678	0.797443503971	-0.007960797530	0.798041624447	-0.007913343383	1
0.395068982385	0.003443540180	0.394670602389	0.003892197487	0.394272222393	0.004340854794	1
0.695136804649	-0.005688192427	0.695558390388	-0.005261266830	0.695979976127	-0.004834341234	1
0.652387283312	-0.001967848222	0.652117355693	-0.001431994622	0.651847428074	-0.000896141022	1
0.854150437016	-0.002339918552	0.854307094159	-0.001760730725	0.854463751302	-0.001181542897	1
0.640087440349	0.001182009524	0.639535471529	0.001417233721	0.638983502710	0.001652457917	1
0.892860983383	0.005751419510	0.892543149770	0.006260322049	0.892225316156	0.006769224588	1
0.826577204662	-0.006263176763	0.826116375366	-0.005878941991	0.825655546069	-0.005494707220	1
0.886175344627	0.009525132176	0.886419580268	0.010073173189	0.886663815908	0.010621214202	1
0.752675933089	0.007708688726	0.752799635917	0.008295798264	0.752923338744	0.008882907803	1
0.273883772122	0.001354870260	0.274483740331	0.001361046738	0.275083708539	0.001367223216	1
0.864582069852	-0.005953058511	0.865159022908	-0.005788361302	0.865735975965	-0.005623664093	1
0.646697326164	0.006593157258	0.646697999772	0.007193156880	0.646698673381	0.007793156502	1
0.628904520176	0.007378000152	0.628306709346	0.007429207682	0.627708898515	0.007480415211	1
0.559591353082	-0.006739050968	0.559462944301	-0.006152952695	0.559334535520	-0.005566854423	1
0.559873740280	0.004874915713	0.559284197089	0.004986445195	0.558694653897	0.005097974678	1
0.934234609895	-0.001494347970	0.933920392210	-0.000983204892	0.933606174526	-0.000472061813	1
0.950865858626	0.002407151705	0.950323242118	0.002663212882	0.949780625611	0.002919274058	1
0.828598931258	0.007945787953	0.828416255339	0.008517303053	0.828233579420	0.009088818152	1
0.449036350904	0.002565644902	0.449622417467	0.002694198328	0.450208484030	0.002822751754	1
0.950543344712	0.005733974712	0.951141093068	0.005785906422	0.951738841425	0.005837838132	1
0.523874522800	-0.006827257710	0.523553876067	-0.006320122941	0.523233229335	-0.005812988173	1
0.982252365434	0.008933378742	0.982146798098	0.009524018681	0.982041230762	0.010114658620	1
0.985059619727	-0.006916346640	0.984885900974	-0.006342045504	0.984712182222	-0.005767744368	1
0.873958877448	0.009866869189	0.874296157757	0.010363096953	0.874633438065	0.010859324716	1
0.390390892670	0.004093942277	0.389996808314	0.004546377378	0.389602723958	0.004998812479	1
0.877173134443	-0.003419857774	0.876583785586	-0.003307305901	0.875994436728	-0.003194754028	1
0.473537664207	0.000258763474	0.473457684644	0.000853408973	0.473377705081	0.001448054472	1
0.686041913262	0.006270464321	0.686559934166	0.006573209005	0.687077955069	0.006875953689	1
0.284046403385	-0.002987815412	0.284023938555	-0.002388236117	0.284001473725	-0.001788656821	1
0.469876054489	0.003645354805	0.469301728124	0.003818990132	0.468727401760	0.003992625459	1
0.993648965827	0.006496498060	0.994049938731	0.006942839555	0.994450911635	0.007389181050	1
0.893141305283	-0.011450231104	0.892976234844	-0.010873384721	0.892811164404	-0.010296538338	1
0.947523289948	0.001564761735	0.948116265674	0.001656302915	0.948709241401	0.001747844096	1
0.754868304082	-0.002026495984	0.755076388344	-0.001463734098	0.755284472607	-0.000900972213	1
0.514387628464	0.004891530838	0.513864621462	0.005185577902	0.513341614460	0.005479624966	1
0.463784985017	0.003435151799	0.464325484703	0.003695651492	0.464865984388	0.003956151185	1
0.883903559462	-0.001157854622	0.884394206555	-0.000812506347	0.884884853647	-0.000467158073	1
0.575253166127	-0.000716295245	0.574656568572	-0.000652488059	0.574059971016	-0.000588680874	1
0.850754021425	-0.010080808994	0.851345234671	-0.009978501134	0.851936447917	-0.009876193275	1
0.806497561906	-0.006583793882	0.806942348742	-0.006181097135	0.807387135579	-0.005778400388	1
0.884259251460	-0.004197395942	0.883736811716	-0.003902342194	0.883214371973	-0.003607288445	1
0.588892719760	0.003790158029	0.589488103800	0.003864440227	0.590083487840	0.003938722426	1
0.792496093015	0.003511425980	0.792484078934	0.004111305687	0.792472064852	0.004711185393	1
0.976857338313	0.007909105927	0.976294327656	0.008116516147	0.975731316998	0.008323926368	1
0.342833737643	0.002490011836	0.342243738702	0.002599104686	0.341653739761	0.002708197536	1
0.609324675170	0.001519835457	0.609712145752	0.001977947396	0.610099616333	0.002436059334	1
0.616747328131	0.003814613971	0.616221175504	0.004102994645	0.615695022877	0.004391375319	1
0.355440567757	0.000179134463	0.354857060250	0.000318844838	0.354273552743	0.000458555213	1
0.214561364307	0.001181400172	0.214542299581	0.001781097209	0.214523234855	0.002380794246	1
0.847546471970	-0.010075075052	0.847481962355	-0.009478553041	0.847417452740	-0.008882031030	1
0.431384088034	-0.005338602720	0.430830488927	-0.005107241469	0.430276889819	-0.004875880219	1
0.708277296028	-0.001577407903	0.708866349706	-0.001463321251	0.709455403384	-0.001349234599	1
0.745560753733	0.007041798332	0.745257845508	0.007559723623	0.744954937283	0.008077648914	1
0.996411963617	-0.004024916917	0.996971321296	-0.003807847832	0.997530678974	-0.003590778747	1
0.967254217337	-0.005509133862	0.967799249857	-0.005258256297	0.968344282376	-0.005007378733	1
0.933331663284	0.007503605020	0.932825850811	0.007826333610	0.932320038339	0.008149062200	1
0.980130837055	0.006585400336	0.980726465384	0.006657697595	0.981322093713	0.006729994855	1
0.799019764976	-0.002311945912	0.799447440453	-0.001891120905	0.799875115931	-0.001470295899	1
0.426275489645	0.002210312151	0.425974244411	0.002729206465	0.425672999177	0.003248100779	1
0.677598873441	0.000448823686	0.678105532349	0.000770221805	0.678612191257	0.001091619924	1
0.763622851540	0.003572179919	0.763771794157	0.004153399411	0.763920736774	0.004734618902	1
0.540587053912	-0.000921919587	0.541015986572	-0.000502376058	0.541444919233	-0.000082832529	1
0.624810224077	-0.002529950894	0.625158977230	-0.002041718123	0.625507730383	-0.001553485353	1
0.809754520933	0.001750788133	0.810115420286	0.002230112300	0.810476319639	0.002709436466	1
0.615013399468	0.004999162671	0.615032573568	0.005598856221	0.615051747669	0.006198549771	1
0.327588275480	0.001081202393	0.327072310628	0.001387438039	0.326556345775	0.001693673685	1
0.440211884029	-0.002651540455	0.440501541575	-0.002126089691	0.440791199122	-0.001600638927	1
0.817595994479	-0.001420186127	0.817358305424	-0.000869274235	0.817120616369	-0.000318362342	1
0.776898323246	0.009218834739	0.776336550668	0.009429575267	0.775774778089	0.009640315795	1
0.915257267205	-0.007203431905	0.914838619328	-0.006773625024	0.914419971452	-0.006343818143	1
0.965300223766	-0.003335864999	0.965818975511	-0.003034374324	0.966337727256	-0.002732883649	1
0.447771319571	-0.001588857663	0.447464515508	-0.001073230601	0.447157711445	-0.000557603539	1
0.442045798638	0.002283498271	0.441882986186	0.002860986024	0.441720173734	0.003438473778	1
0.992482930947	-0.003901610250	0.992868729344	-0.003442089199	0.993254527742	-0.002982568148	1
0.709551799549	0.005873700203	0.709355966936	0.006440841797	0.709160134324	0.007007983391	1
0.432073069877	0.000756192120	0.432614763560	0.001014199782	0.433156457244	0.001272207443	1
0.689611166412	-0.004635907737	0.690066514520	-0.004245192879	0.690521862629	-0.003854478021	1
0.762403982433	0.000120702986	0.762622486280	0.000679501759	0.762840990128	0.001238300532	1
0.851890571476	-0.001173642041	0.851346148051	-0.000921445424	0.850801724625	-0.000669248808	1
0.625827846865	0.003693623506	0.625857057802	0.004292912018	0.625886268739	0.004892200531	1
0.334046564678	0.001521604105	0.333551617841	0.001860761338	0.333056671004	0.002199918571	1
0.794221244050	0.000635933698	0.794148084463	0.001231456724	0.794074924876	0.001826979750	1
0.396739038659	-0.002723325307	0.396348441053	-0.002267876616	0.395957843447	-0.001812427925	1
0.290332844982	0.002660974030	0.290240199742	0.003253778263	0.290147554502	0.003846582497	1
0.684672654004	-0.004164373192	0.684240814072	-0.003747822747	0.683808974141	-0.003331272302	1
0.918275530301	-0.003986789767	0.918792506986	-0.003682265372	0.919309483671	-0.003377740977	1
0.465368211968	-0.003328988668	0.465968176939	-0.003322505389	0.466568141911	-0.003316022110	1
0.818831663405	-0.007658738243	0.818235730620	-0.007588995030	0.817639797835	-0.007519251816	1
0.408493319702	-0.000911976837	0.407898009939	-0.000837101701	0.407302700176	-0.000762226564	1
0.903360394373	-0.006737956566	0.902867486237	-0.006395843179	0.902374578102	-0.006053729791	1
0.684843399182	-0.004449610295	0.684688963888	-0.003869826076	0.684534528594	-0.003290041858	1
0.817783639917	0.001036422203	0.817418296319	0.001512367636	0.817052952722	0.001988313069	1
0.725543546808	-0.008950142522	0.725862200652	-0.008441753175	0.726180854496	-0.007933363829	1
0.951208841497	0.009010232586	0.951808209152	0.009037771914	0.952407576806	0.009065311243	1
0.656730998801	0.000100795042	0.657308692271	0.000262876056	0.657886385740	0.000424957070	1
0.586896655967	0.005187108373	0.587231449808	0.005685017084	0.587566243648	0.006182925795	1
0.824893936708	-0.004672948936	0.824605560104	-0.004146794078	0.824317183501	-0.003620639220	1
0.478860364075	-0.001950790637	0.479075756846	-0.001390785321	0.479291149617	-0.000830780005	1
0.736432724739	-0.004968134368	0.736233228067	-0.004402271242	0.736033731395	-0.003836408116	1
0.792794367322	-0.006547254030	0.792741212064	-0.005949613236	0.792688056806	-0.005351972443	1
0.960724558325	-0.005173752451	0.960229993641	-0.004834038197	0.959735428958	-0.004494323944	1
0.887074417528	-0.003788509820	0.886556770384	-0.003485126507	0.886039123240	-0.003181743193	1
0.878599554114	0.009469586261	0.878066372816	0.009744754760	0.877533191517	0.010019923260	1
0.941048040567	0.001972601599	0.940789822712	0.002514195117	0.940531604857	0.003055788636	1
0.550663863560	0.002974420047	0.550111683329	0.003209147533	0.549559503099	0.003443875020	1
0.654939802164	0.002987700002	0.655281217057	0.003481092210	0.655622631950	0.003974484418	1
0.902928609596	-0.005076450025	0.903211160437	-0.004547143854	0.903493711278	-0.004017837684	1
0.490307335995	0.003856941171	0.489863607574	0.004260803881	0.489419879153	0.004664666591	1
0.823904100731	-0.001030036165	0.823311090040	-0.000938721761	0.822718079349	-0.000847407357	1
0.376073580599	-0.001848585608	0.375935662665	-0.001264651842	0.375797744730	-0.000680718075	1
0.759938006667	0.000588857490	0.760381876162	0.000992565145	0.760825745658	0.001396272800	1
0.793587253850	0.000754868532	0.793695557101	0.001345012926	0.793803860353	0.001935157320	1
0.704956184087	0.007587629865	0.704591212493	0.008063860624	0.704226240900	0.008540091383	1
0.986502884819	-0.002583896974	0.986185413235	-0.002074768510	0.985867941651	-0.001565640045	1
0.717070847529	-0.004701441601	0.716578831385	-0.004358046619	0.716086815240	-0.004014651637	1
0.222213536691	0.000476142628	0.221979985369	0.001028821359	0.221746434046	0.001581500090	1
0.739662209339	0.002403437332	0.739088849348	0.002580237561	0.738515489357	0.002757037789	1
0.967750948304	0.002503378793	0.967533868230	0.003062732207	0.967316788156	0.003622085620	1
0.876337254882	-0.006508119098	0.876773378277	-0.006096055530	0.877209501672	-0.005683991962	1
0.720342045151	0.000428837633	0.719809862474	0.000705932559	0.719277679796	0.000983027485	1
0.679247025210	0.004979511217	0.679089532389	0.005558472365	0.678932039568	0.006137433514	1
0.944469331971	-0.007452270253	0.943915561336	-0.007221319861	0.943361790701	-0.006990369468	1
0.707198812657	0.001308403393	0.706795791600	0.001752896394	0.706392770543	0.002197389394	1
0.521389255679	-0.004233756394	0.520909888680	-0.003872913936	0.520430521680	-0.003512071477	1
0.962672744268	-0.002708319441	0.962289876380	-0.002246353879	0.961907008491	-0.001784388318	1
0.407053926324	-0.003920046873	0.406653766007	-0.003472976721	0.406253605690	-0.003025906569	1
0.438591039287	0.002846838350	0.438966239629	0.003315052728	0.439341439970	0.003783267107	1
0.495533733211	0.005015150322	0.494990599320	0.005270112232	0.494447465428	0.005525074143	1
0.955630675264	0.005653491508	0.955049575911	0.005802902158	0.954468476558	0.005952312808	1
0.316437165241	-0.004317236649	0.316849523835	-0.003881392193	0.317261882429	-0.003445547737	1
0.881823391105	0.009926201638	0.882391678541	0.010118683820	0.882959965977	0.010311166002	1
0.808553353059	-0.006075501108	0.807981629921	-0.005893477335	0.807409906784	-0.005711453561	1
0.729882676952	-0.003226000571	0.729810402234	-0.002630369506	0.729738127517	-0.002034738441	1
0.283711662805	0.000186274113	0.283617442115	0.000778829986	0.283523221426	0.001371385858	1
0.338345279581	0.000516289974	0.338896345985	0.000753620582	0.339447412390	0.000990951191	1
0.593304706669	0.003417347070	0.592925274837	0.003882138942	0.592545843005	0.004346930815	1
0.577468462903	-0.001006476559	0.578067518563	-0.000972826656	0.578666574223	-0.000939176753	1
0.664437793358	-0.002807245125	0.665020351796	-0.002663628740	0.665602910235	-0.002520012354	1
0.561797766076	-0.001538982899	0.561669025112	-0.000952957504	0.561540284148	-0.000366932108	1
0.451674016026	0.004232526636	0.451410383175	0.004771505040	0.451146750324	0.005310483444	1
0.803411302641	-0.006172477799	0.802863449184	-0.005927821736	0.802315595727	-0.005683165672	1
0.588285783223	0.006270462984	0.588631270203	0.006761012417	0.588976757182	0.007251561851	1
0.883050101759	0.005473664400	0.883639045897	0.005588315183	0.884227990035	0.005702965965	1
0.518726051323	-0.002197396894	0.519322100311	-0.002128653866	0.519918149299	-0.002059910838	1
0.657139742638	0.004568109787	0.657310717772	0.005143233690	0.657481692906	0.005718357593	1
0.566161144566	-0.005454818016	0.565948121853	-0.004893906861	0.565735099140	-0.004332995706	1
0.420137714855	-0.001343929600	0.420736184280	-0.001301100315	0.421334653704	-0.001258271029	1
0.690050162883	0.007369968081	0.690199885030	0.007950987253	0.690349607178	0.008532006426	1
0.967385365447	0.011101945350	0.966789549338	0.011172678393	0.966193733228	0.011243411435	1
0.953121843256	-0.004947270493	0.953404678119	-0.004418116035	0.953687512982	-0.003888961577	1
0.578348946865	-0.005035773610	0.578819189339	-0.004663118253	0.579289431814	-0.004290462896	1
0.531985658146	-0.003370932310	0.532519814880	-0.003097662145	0.533053971615	-0.002824391979	1
0.885486525695	0.005832555265	0.885956933457	0.006205001957	0.886427341218	0.006577448649	1
0.992934190227	-0.005820337535	0.992789248695	-0.005238107381	0.992644307163	-0.004655877227	1
0.785182478601	0.003704447486	0.784681962226	0.004035330181	0.784181445850	0.004366212876	1
0.781942672003	-0.000740609579	0.781362692925	-0.000586907693	0.780782713848	-0.000433205807	1
0.191063208700	-0.002290064339	0.190640301826	-0.001864447403	0.190217394953	-0.001438830466	1
0.574671245953	0.006619057097	0.575226434874	0.006846576902	0.575781623796	0.007074096708	1
0.562091938327	0.000537028300	0.562691721020	0.000553175156	0.563291503713	0.000569322011	1
0.193539588668	-0.000326734703	0.192959841907	-0.000172158853	0.192380095146	-0.000017583003	1
0.961794776737	-0.009248895102	0.961812397597	-0.008649153904	0.961830018457	-0.008049412705	1
0.402470555119	0.003676146260	0.401884619611	0.003805295710	0.401298684103	0.003934445160	1
0.331739566216	0.001189582042	0.332272192669	0.001465822990	0.332804819122	0.001742063939	1
0.512927370735	0.002382761428	0.513421048125	0.002723763823	0.513914725516	0.003064766219	1
0.427677580826	-0.003084570411	0.427403748590	-0.002550701601	0.427129916355	-0.002016832791	1
0.949884211788	-0.002270060843	0.949575401717	-0.001755632675	0.949266591646	-0.001241204507	1
0.728870377849	0.002630624129	0.729312832765	0.003035881638	0.729755287680	0.003441139146	1
0.823198826887	-0.005315543387	0.822889011994	-0.004801719748	0.822579197102	-0.004287896108	1
0.703809810667	-0.000721608842	0.703820073710	-0.000121696624	0.703830336752	0.000478215595	1
0.401017964125	-0.003210231726	0.401441968920	-0.002785708541	0.401865973715	-0.002361185357	1
0.537621455646	-0.002574941771	0.538219711560	-0.002529226771	0.538817967474	-0.002483511772	1
0.382706170053	-0.003834396392	0.382370315929	-0.003337202258	0.382034461806	-0.002840008123	1
0.979234161546	-0.005709166875	0.979759623955	-0.005419530454	0.980285086364	-0.005129894033	1
0.883697882831	-0.007628319624	0.883953393369	-0.007085443611	0.884208903907	-0.006542567598	1
0.554922000416	-0.001571591301	0.555510899046	-0.001456706996	0.556099797676	-0.001341822692	1
0.336320098199	-0.001230332998	0.335720663728	-0.001204288511	0.335121229257	-0.001178244025	1
0.773930114028	0.008459899466	0.773998768129	0.009055958704	0.774067422231	0.009652017941	1
0.860462258411	-0.005812675700	0.861035013832	-0.005633926637	0.861607769253	-0.005455177573	1
0.313552976756	-0.001644762843	0.313126296463	-0.001222928839	0.312699616169	-0.000801094835	1
0.652419341074	-0.008068117666	0.651845926195	-0.007891495536	0.651272511316	-0.007714873406	1
0.933894909560	-0.003282416181	0.933555012435	-0.002787977162	0.933215115309	-0.002293538142	1
0.866460745818	0.008300759964	0.866247500209	0.008861586416	0.866034254600	0.009422412869	1
0.438579940824	-0.000441216356	0.438110330680	-0.000067764468	0.437640720536	0.000305687419	1
0.585181315964	-0.001557791170	0.585062311920	-0.000969711211	0.584943307876	-0.000381631253	1
0.719715768391	0.001209599250	0.720310113362	0.001291782310	0.720904458333	0.001373965369	1
0.170006097710	0.000413125720	0.169674522311	0.000913183471	0.169342946911	0.001413241222	1
0.840565465020	-0.006630896888	0.840905027623	-0.006136228071	0.841244590225	-0.005641559253	1
0.377204721827	-0.002229045681	0.376690756583	-0.001919465758	0.376176791340	-0.001609885835	1
0.498223761507	0.002039176935	0.497947089943	0.002571579833	0.497670418378	0.003103982731	1
0.906960579964	0.008350389783	0.906552917536	0.008790629882	0.906145255107	0.009230869981	1
0.191652924062	-0.002366201950	0.191960409829	-0.001850981121	0.192267895597	-0.001335760292	1
0.936989198145	0.006968113720	0.936629454855	0.007448306145	0.936269711564	0.007928498570	1
0.363407962192	0.000091709858	0.364007195123	0.000122039618	0.364606428054	0.000152369378	1
0.786372739900	-0.008577104615	0.785903968548	-0.008202600383	0.785435197196	-0.007828096152	1
0.590922605117	0.002695192733	0.591315341793	0.003148798182	0.591708078469	0.003602403631	1
0.573621426333	-0.007082877106	0.573897129817	-0.006549972247	0.574172833301	-0.006017067387	1
0.506737123218	-0.004421546814	0.507334640382	-0.004367019400	0.507932157546	-0.004312491986	1
0.257889721087	-0.000528808040	0.258013717453	0.000058239574	0.258137713819	0.000645287188	1
0.496114549089	0.002189464831	0.495612482991	0.002517991289	0.495110416894	0.002846517747	1
0.494757572154	-0.004212233692	0.495234791831	-0.003848556115	0.495712011507	-0.003484878538	1
0.895239650399	-0.007060061890	0.895064808885	-0.006486101574	0.894889967372	-0.005912141257	1
0.501650594599	-0.006350676462	0.501420147706	-0.005796696111	0.501189700813	-0.005242715759	1
0.444977183160	0.004861601347	0.445189285448	0.005422861197	0.445401387737	0.005984121047	1
0.751039901570	0.002564405240	0.750933814537	0.003154952056	0.750827727504	0.003745498872	1
0.370421584379	-0.000672005227	0.370949516272	-0.000386894869	0.371477448164	-0.000101784510	1
0.942426393641	0.003070154600	0.941928165380	0.003404472712	0.941429937120	0.003738790825	1
0.717400350660	0.005291434165	0.717231216784	0.005867102239	0.717062082908	0.006442770314	1
0.554490519731	0.003751116395	0.554374615719	0.004339815181	0.554258711707	0.004928513966	1
0.729374113895	0.003820458240	0.729395754300	0.004420067857	0.729417394706	0.005019677474	1
0.865704468987	-0.006433108420	0.865938107805	-0.005880466671	0.866171746623	-0.005327824922	1
0.719777611037	-0.002436990008	0.720238505724	-0.002052833676	0.720699400411	-0.001668677343	1
0.747786164242	0.001007708616	0.747371744962	0.001441594155	0.746957325682	0.001875479693	1
0.866924941228	-0.003937163916	0.866412809767	-0.003624559747	0.865900678305	-0.003311955579	1
0.955587755100	0.007823885788	0.956181835624	0.007907959158	0.956775916148	0.007992032527	1
0.960748199587	0.003958343684	0.960212539337	0.004228654796	0.959676879088	0.004498965908	1
0.659257736363	0.002277264453	0.659054697780	0.002841866379	0.658851659197	0.003406468304	1
0.812559119424	-0.010549124029	0.812661213958	-0.009957873908	0.812763308491	-0.009366623786	1
0.517474964084	-0.002471853043	0.516877051866	-0.002421843256	0.516279139647	-0.002371833470	1
0.292544959963	-0.001775812626	0.292619712828	-0.001180487497	0.292694465694	-0.000585162368	1
0.229183391738	0.000864855796	0.228786329363	0.001314679618	0.228389266988	0.001764503439	1
0.766475478369	-0.003643334075	0.766553054442	-0.003048370250	0.766630630514	-0.002453406425	1
0.177558330881	-0.000115981257	0.178127506566	0.000073858254	0.178696682251	0.000263697765	1
0.525813339471	-0.003711916487	0.525305138243	-0.003392962710	0.524796937015	-0.003074008933	1
0.200588547611	0.000091252537	0.200036010273	0.000325138172	0.199483472936	0.000559023807	1
0.818329178381	0.008447632015	0.818475396616	0.009029542857	0.818621614852	0.009611453699	1
0.476502411242	-0.003139479714	0.476502356143	-0.002539479717	0.476502301045	-0.001939479719	1
0.971692222861	-0.005146055232	0.971863110158	-0.004570905224	0.972033997455	-0.003995755216	1
0.874763806399	0.001882881044	0.874663701235	0.002474471237	0.874563596070	0.003066061430	1
0.190601820982	-0.001473297342	0.190433528713	-0.000897382667	0.190265236444	-0.000321467993	1
0.432988253511	-0.004174992070	0.433043996061	-0.003577587041	0.433099738611	-0.002980182013	1
0.955306214613	-0.006722908286	0.955830712451	-0.006431528777	0.956355210289	-0.006140149268	1
0.627761602027	0.001173605198	0.627194836730	0.001370524210	0.626628071432	0.001567443223	1
0.436025683307	-0.005341079997	0.435564352527	-0.004957447476	0.435103021746	-0.004573814956	1
0.888023479595	0.009234869803	0.887892568047	0.009820414136	0.887761656498	0.010405958470	1
0.833137045105	0.004858350388	0.832766427525	0.005330200586	0.832395809945	0.005802050785	1
0.842058554874	-0.003474611538	0.841464765182	-0.003388508101	0.840870975491	-0.003302404664	1
0.482326254832	-0.001076740074	0.482365266642	-0.000478009685	0.482404278452	0.000120720704	1
0.875070827017	-0.000916237726	0.875619279569	-0.000672927640	0.876167732121	-0.000429617554	1
0.993137317930	0.009321508939	0.992684136103	0.009714734359	0.992230954275	0.010107959780	1
0.726860912785	0.005059402113	0.727057425659	0.005626308358	0.727253938533	0.006193214603	1
0.777567964476	0.006360771924	0.777044792120	0.006654524688	0.776521619764	0.006948277451	1
0.462056964715	0.002610671237	0.461706254460	0.003097500075	0.461355544205	0.003584328912	1
0.627726711197	0.000151226410	0.628228427402	0.000480286966	0.628730143608	0.000809347521	1
0.995351816832	0.005606443933	0.995020523143	0.006106688364	0.994689229453	0.006606932795	1
0.393992306361	0.000539813591	0.394275535381	0.001068757181	0.394558764402	0.001597700771	1
0.630971480372	-0.006170569520	0.631186022856	-0.005610237901	0.631400565339	-0.005049906283	1
0.916465750195	-0.007331308384	0.916108326936	-0.006849386591	0.915750903677	-0.006367464799	1
0.914432832026	0.008156677087	0.914342593741	0.008749852485	0.914252355456	0.009343027882	1
0.969570981178	0.010146231660	0.969813104967	0.010695208956	0.970055228756	0.011244186251	1
0.639377665943	-0.001398649437	0.639056870286	-0.000891608861	0.638736074628	-0.000384568285	1
0.988113466883	0.008224371682	0.988384760504	0.008759534995	0.988656054125	0.009294698308	1
0.668673529085	0.003024022672	0.668118506911	0.003251948946	0.667563484737	0.003479875219	1
0.739229059071	-0.005213287301	0.739097247432	-0.004627944930	0.738965435793	-0.004042602559	1
0.607561487379	-0.006012774443	0.607279631919	-0.005483097655	0.606997776459	-0.004953420867	1
0.315587598265	0.001992000010	0.315988837669	0.002438101949	0.316390077074	0.002884203889	1
0.651736586132	-0.006254043906	0.651269099756	-0.005877936888	0.650801613381	-0.005501829870	1
0.843480175366	0.006123396331	0.844009451103	0.006406004176	0.844538726840	0.006688612021	1
0.948665453122	-0.011237512840	0.949132673524	-0.010861075467	0.949599893926	-0.010484638094	1
0.482690711773	0.003083081641	0.482934503922	0.003631320082	0.483178296071	0.004179558523	1
0.983510675555	0.000174250012	0.983869413335	0.000655194088	0.984228151115	0.001136138165	1
0.374064821749	-0.001590760826	0.374604188261	-0.001327922917	0.375143554773	-0.001065085009	1
0.929844616158	-0.009733636349	0.929658854049	-0.009163116902	0.929473091940	-0.008592597455	1
0.958515558541	-0.011488215061	0.958587064014	-0.010892491159	0.958658569486	-0.010296767257	1
0.825516187818	-0.002414099816	0.826074830753	-0.002195197851	0.826633473689	-0.001976295885	1
0.804528896423	0.008599381982	0.805030842049	0.008928092476	0.805532787675	0.009256802969	1
0.167023530703	-0.001147355589	0.166586809016	-0.000735926168	0.166150087330	-0.000324496747	1
0.793926080890	0.005246823958	0.793399199901	0.005533871730	0.792872318912	0.005820919503	1
0.645094260181	-0.004993035557	0.645694210712	-0.004985330964	0.646294161243	-0.004977626371	1
0.843267423385	0.002301603625	0.843118137213	0.002882734969	0.842968851041	0.003463866313	1
0.548279180448	-0.003547104363	0.548404705579	-0.002960381736	0.548530230711	-0.002373659108	1
0.831469478502	-0.005312414539	0.832054052175	-0.005177234581	0.832638625848	-0.005042054623	1
0.473578903471	0.005706535410	0.474175010219	0.005774775758	0.474771116967	0.005843016105	1
0.936518754322	0.002617774680	0.936491084558	0.003217136328	0.936463414794	0.003816497975	1
0.873585987225	-0.000837462300	0.874006288048	-0.000409271667	0.874426588870	0.000018918967	1
0.352474980834	0.002354003632	0.351895380669	0.002509128258	0.351315780505	0.002664252884	1
0.513640139748	-0.001689448782	0.513303430963	-0.001192833041	0.512966722179	-0.000696217299	1
0.915250280154	0.002383816154	0.914804189425	0.002785068022	0.914358098696	0.003186319890	1
0.996034949665	0.006626558616	0.996630483928	0.006699626679	0.997226018191	0.006772694743	1
0.574212174912	-0.001529305292	0.573911989734	-0.001009797006	0.573611804556	-0.000490288720	1
0.382346783123	0.003144823936	0.382453906429	0.003735183655	0.382561029734	0.004325543373	1
0.901120442381	-0.009805730085	0.901692657461	-0.009625258751	0.902264872541	-0.009444787417	1
0.850649226956	0.006779954081	0.850073731383	0.006949673984	0.849498235810	0.007119393887	1
0.955269359658	-0.005799324970	0.955864794905	-0.005725454365	0.956460230152	-0.005651583761	1
0.742748622979	0.003089374562	0.742828570539	0.003684024364	0.742908518098	0.004278674167	1
0.834849748871	0.002872972259	0.835447856038	0.002920593855	0.836045963206	0.002968215451	1
0.368084302012	-0.002820053139	0.368683310242	-0.002785569226	0.369282318472	-0.002751085314	1
0.510004988840	-0.004912078430	0.509408460507	-0.004847627298	0.508811932175	-0.004783176166	1
0.805934065005	0.006175696544	0.805352790613	0.006324424759	0.804771516222	0.006473152975	1
0.446269213239	-0.005350800389	0.446757375268	-0.005001948222	0.447245537296	-0.004653096056	1
0.419378796987	-0.002180863212	0.418798947969	-0.002026671396	0.418219098951	-0.001872479580	1
0.867852247584	0.010250804437	0.868340245915	0.010599885558	0.868828244246	0.010948966678	1
0.219398622577	-0.000237894621	0.219671752786	0.000296333690	0.219944882996	0.000830562002	1
0.995442507548	0.003882082247	0.994843222065	0.003911355276	0.994243936582	0.003940628305	1
0.462733819938	0.004028180895	0.462577122901	0.004607357931	0.462420425865	0.005186534966	1
0.889153620942	-0.006982049865	0.888661111337	-0.006639362998	0.888168601732	-0.006296676131	1
0.870177192074	-0.003337902820	0.870089353470	-0.002744367328	0.870001514866	-0.002150831837	1
0.702283715514	0.006473781182	0.701700303739	0.006613890784	0.701116891964	0.006754000387	1
0.553680597117	0.003113758529	0.553689167897	0.003713697311	0.553697738676	0.004313636093	1
0.493023230531	0.003583154125	0.493510823565	0.003932801138	0.493998416598	0.004282448151	1
0.766106562646	0.001874789371	0.765506779765	0.001890929245	0.764906996884	0.001907069120	1
0.771334050940	-0.000224997591	0.771856003573	0.000070917006	0.772377956207	0.000366831602	1
0.949739193116	-0.009925585614	0.949140225661	-0.009890400555	0.948541258207	-0.009855215495	1
0.572698939720	-0.003297183449	0.572248117656	-0.002901254836	0.571797295592	-0.002505326223	1
0.946769161405	0.006924598692	0.946249778834	0.007225001331	0.945730396264	0.007525403970	1
0.971946851517	0.000188173472	0.972539202264	0.000283675264	0.973131553011	0.000379177057	1
0.814821465159	0.006358382700	0.815153326804	0.006858250531	0.815485188448	0.007358118363	1
0.991504287670	-0.006646274219	0.992100666030	-0.006580449812	0.992697044389	-0.006514625405	1
0.512945805025	0.001646318861	0.512428305384	0.001949953710	0.511910805743	0.002253588559	1
0.399131727662	-0.004831757881	0.398630484296	-0.004501977518	0.398129240930	-0.004172197155	1
0.861106256684	-0.001600810706	0.860900522697	-0.001037185364	0.860694788710	-0.000473560021	1
0.268378941948	0.000365230694	0.268761664511	0.000827316660	0.269144387074	0.001289402626	1
0.870398198621	-0.009318940526	0.870750235738	-0.008833070309	0.871102272855	-0.008347200091	1
0.894502748600	-0.000591578452	0.895042880204	-0.000330316418	0.895583011808	-0.000069054384	1
0.503176019246	-0.004853533729	0.503482813955	-0.004337901102	0.503789608665	-0.003822268475	1
0.839871877203	-0.006352737291	0.839710841830	-0.005774751471	0.839549806458	-0.005196765650	1
0.455014630975	0.003993530592	0.455593323299	0.004152008331	0.456172015623	0.004310486071	1
0.724063811665	0.003214363311	0.724622431848	0.003433323333	0.725181052031	0.003652283356	1
0.617971149309	0.004043196976	0.618556706732	0.004174049967	0.619142264154	0.004304902958	1
0.916504126009	-0.009490054204	0.916388736203	-0.008901254414	0.916273346398	-0.008312454624	1
0.658184993119	-0.005055241870	0.658443149498	-0.004513619046	0.658701305877	-0.003971996222	1
0.514137130621	0.004352354447	0.514727212807	0.004460996121	0.515317294994	0.004569637795	1
0.547775556185	0.005364020377	0.547924989992	0.005945113775	0.548074423800	0.006526207173	1
0.490755438140	-0.001112668647	0.490899973104	-0.000530337432	0.491044508068	0.000051993783	1
0.304850608776	-0.002072138393	0.304561686495	-0.001546282980	0.304272764214	-0.001020427566	1
0.774676772994	0.007469130143	0.774078584133	0.007515714322	0.773480395271	0.007562298501	1
0.603048386022	0.005738375105	0.603376856523	0.006240477813	0.603705327025	0.006742580521	1
0.644424412690	-0.005575908078	0.644360875846	-0.004979281671	0.644297339002	-0.004382655264	1
0.671912379839	0.003229497002	0.671322045628	0.003336760784	0.670731711417	0.003444024565	1
0.954401999726	0.010642896609	0.953884788099	0.010947021802	0.953367576472	0.011251146996	1
0.997204922525	0.008547472921	0.996615783734	0.008661119234	0.996026644943	0.008774765547	1
0.589414218246	-0.006658994600	0.589926787118	-0.006347108161	0.590439355990	-0.006035221721	1
0.214570581953	0.001700191795	0.214749165856	0.002272998734	0.214927749759	0.002845805674	1
0.798959881338	-0.010073511870	0.798793858602	-0.009496938847	0.798627835866	-0.008920365823	1
0.338733540618	-0.003594446526	0.338133870068	-0.003574566092	0.337534199519	-0.003554685658	1
0.498851352015	-0.004972829166	0.498252160595	-0.004941690084	0.497652969175	-0.004910551003	1
0.217515113654	-0.001210771693	0.217010109748	-0.000886779324	0.216505105843	-0.000562786954	1
0.762712942799	-0.006442630754	0.762116994984	-0.006373016082	0.761521047170	-0.006303401410	1
0.356507386394	-0.000808913903	0.356026393675	-0.000450241344	0.355545400956	-0.000091568786	1
0.934159965695	0.006062197446	0.933637163707	0.006356608860	0.933114361718	0.006651020274	1
0.912339927839	0.000871082221	0.911741747911	0.000917780969	0.911143567982	0.000964479718	1
0.513466293934	-0.005378059320	0.512885691024	-0.005226730997	0.512305088114	-0.005075402674	1
0.927928049581	0.009573887370	0.928525050142	0.009633806732	0.929122050703	0.009693726095	1
0.982299392103	-0.007458541233	0.982785306032	-0.007106564454	0.983271219962	-0.006754587675	1
0.775261089096	-0.004880791517	0.774734935778	-0.004592412102	0.774208782461	-0.004304032688	1
0.748846243641	-0.006857307419	0.748343083822	-0.006530458530	0.747839924003	-0.006203609641	1
0.894614645474	-0.006430550888	0.894116561654	-0.006096017619	0.893618477834	-0.005761484349	1
0.996500268487	-0.006705412759	0.996469311896	-0.006106211883	0.996438355304	-0.005507011008	1
0.681886312618	0.000751738049	0.682309450568	0.001177125255	0.682732588518	0.001602512461	1
0.823103216384	-0.007900597043	0.823702890305	-0.007880818539	0.824302564225	-0.007861040035	1
0.644617563733	-0.004496848703	0.644803565868	-0.003926407465	0.644989568003	-0.003355966227	1
0.790355634826	0.008989071830	0.789998964828	0.009471551376	0.789642294830	0.009954030922	1
0.945197030178	-0.003576303533	0.944656382827	-0.003316110447	0.944115735477	-0.003055917361	1
0.597564832299	0.002123256530	0.597869573180	0.002640105633	0.598174314062	0.003156954736	1
0.548623970415	0.005505038462	0.548372982006	0.006050019946	0.548121993596	0.006595001430	1
0.778591350396	-0.002914212937	0.778818193027	-0.002358746988	0.779045035659	-0.001803281039	1
0.740540863844	0.007092754810	0.740315047264	0.007648638676	0.740089230684	0.008204522542	1
0.805798512528	0.007506926554	0.805363296165	0.007919948003	0.804928079802	0.008332969453	1
0.560041875611	0.003038014521	0.559848141872	0.003605876510	0.559654408134	0.004173738499	1
0.888009506549	-0.005665070352	0.888281387582	-0.005130205225	0.888553268615	-0.004595340099	1
0.934373272130	0.010655603036	0.934887221640	0.010965209079	0.935401171149	0.011274815122	1
0.400195861590	-0.003110007615	0.400299570530	-0.002519038533	0.400403279470	-0.001928069451	1
0.571480978768	0.000569915140	0.571353477565	0.001156211519	0.571225976362	0.001742507897	1
0.775759842756	-0.002277205159	0.776141157478	-0.001813956756	0.776522472200	-0.001350708353	1
0.994388710618	-0.006729327558	0.994716093873	-0.006226515263	0.995043477129	-0.005723702968	1
0.374221858494	-0.001792703454	0.374776098199	-0.001562881026	0.375330337905	-0.001333058598	1
0.210026776330	0.001889006232	0.209923927844	0.002480125669	0.209821079357	0.003071245106	1
0.900456710437	0.003645022243	0.900339686423	0.004233499414	0.900222662409	0.004821976584	1
0.532609780430	0.002204885670	0.533052926192	0.002609387627	0.533496071954	0.003013889585	1
0.904272219277	0.004496509660	0.903675808368	0.004562038492	0.903079397459	0.004627567323	1
0.930077699510	0.010982722879	0.930649241848	0.011165313556	0.931220784186	0.011347904233	1
0.428565103029	0.002382849684	0.428224545906	0.002876834345	0.427883988782	0.003370819006	1
0.742811665244	-0.005991714130	0.743280512439	-0.005617304852	0.743749359633	-0.005242895573	1
0.885338057436	-0.002944772902	0.885407760019	-0.002348835364	0.885477462602	-0.001752897825	1
0.785597963246	0.005607701226	0.785031769389	0.005806257305	0.784465575532	0.006004813383	1
0.255106154992	0.000686857510	0.255065470435	0.001285476560	0.255024785878	0.001884095610	1
0.655985078160	-0.002060876247	0.655405915011	-0.001904127894	0.654826751861	-0.001747379541	1
0.467344211171	-0.000818617126	0.467706948922	-0.000340682692	0.468069686674	0.000137251743	1
0.741092987480	-0.000318227690	0.741636312273	-0.000063672846	0.742179637067	0.000190881999	1
0.262791079383	-0.001560916168	0.262595927793	-0.000993539876	0.262400776203	-0.000426163584	1
0.710015720729	-0.003066990065	0.709913382580	-0.002475782062	0.709811044431	-0.001884574059	1
0.892481176548	-0.009407603918	0.892497290545	-0.008807820341	0.892513404543	-0.008208036764	1
0.941906024326	-0.004110802638	0.942020347155	-0.003521794751	0.942134669984	-0.002932786864	1
0.921638372049	0.005358410775	0.921080499496	0.005579268682	0.920522626943	0.005800126589	1
0.582705553239	0.000142414890	0.582391725015	0.000653797179	0.582077896792	0.001165179469	1
0.683943466452	-0.007151561721	0.683805994142	-0.006567522883	0.683668521833	-0.005983484046	1
0.319254541471	-0.000989185625	0.318709406414	-0.000738530942	0.318164271357	-0.000487876259	1
0.919014191859	0.004486643439	0.918518760253	0.004825092140	0.918023328646	0.005163540842	1
0.832374468757	0.003689880742	0.831781383636	0.003780710470	0.831188298515	0.003871540198	1
0.775666580847	0.006504979213	0.775942044174	0.007038008251	0.776217507502	0.007571037289	1
0.657064483985	0.004751718853	0.656479469166	0.004884976729	0.655894454347	0.005018234606	1
0.338809055295	0.003451625484	0.339373967688	0.003653798647	0.339938880081	0.003855971811	1
0.626872100191	0.004477027442	0.627470273045	0.004523816731	0.628068445898	0.004570606019	1
0.878928638083	0.004917651786	0.878666793566	0.005457501255	0.878404949049	0.005997350724	1
0.317213960129	0.000614916559	0.317320888727	0.001205311575	0.317427817326	0.001795706591	1
0.537357913004	-0.003201999585	0.536871298816	-0.002850991563	0.536384684628	-0.002499983541	1
0.710586079890	0.007963008363	0.711053882600	0.008338721851	0.711521685309	0.008714435339	1
0.882478137843	-0.003363206360	0.882786353713	-0.002848421961	0.883094569584	-0.002333637563	1
0.719896537167	0.002624306923	0.719661556867	0.003176379616	0.719426576568	0.003728452309	1
0.382508218042	0.000146866907	0.382180795730	0.000649653770	0.381853373418	0.001152440633	1
0.987279620866	-0.007785102302	0.986887575735	-0.007330899027	0.986495530603	-0.006876695752	1
0.683530201957	0.007652232944	0.683457745182	0.008247841889	0.683385288407	0.008843450834	1
0.738360111501	-0.002503059064	0.738871066695	-0.002188535949	0.739382021889	-0.001874012834	1
0.650316964864	0.004223291057	0.650722493653	0.004665497345	0.651128022442	0.005107703634	1
0.962515445896	-0.006468088283	0.963105413535	-0.006358826285	0.963695381175	-0.006249564287	1
0.817505393259	0.009334100451	0.818058010931	0.009567796211	0.818610628604	0.009801491970	1
0.973208316836	0.007412182949	0.973702410124	0.007752582454	0.974196503412	0.008092981958	1
0.986525713731	-0.012525607708	0.986508241712	-0.011925862155	0.986490769692	-0.011326116601	1
0.870659382503	0.000231723463	0.871025937607	0.000706736469	0.871392492710	0.001181749475	1
0.585801191574	-0.003290138562	0.585728931896	-0.002694505673	0.585656672218	-0.002098872783	1
0.864711197118	0.002360304631	0.864679169050	0.002959449190	0.864647140982	0.003558593750	1
0.728137404871	-0.003599651853	0.728111217220	-0.003000223620	0.728085029569	-0.002400795386	1
0.677402317096	0.005242222950	0.677747038339	0.005733310788	0.678091759582	0.006224398626	1
0.924478054696	0.005262444598	0.924642872482	0.005839363221	0.924807690268	0.006416281844	1
0.284577589354	0.002309784826	0.284780116505	0.002874570407	0.284982643657	0.003439355988	1
0.514558359501	0.001713326276	0.513999184535	0.001930865599	0.513440009568	0.002148404922	1
0.981923276174	0.010735103615	0.982507185644	0.010873124379	0.983091095114	0.011011145143	1
0.762249090351	-0.008088080039	0.762700414293	-0.007692723618	0.763151738236	-0.007297367198	1
0.766255673599	-0.001226026164	0.765795789674	-0.000840660395	0.765335905750	-0.000455294626	1
0.723364750771	0.003835789450	0.723716797755	0.004321652518	0.724068844738	0.004807515587	1
0.481620260338	0.003646961584	0.481103407600	0.003951696300	0.480586554862	0.004256431017	1
0.856219136842	0.008370344059	0.856137590623	0.008964776742	0.856056044404	0.009559209424	1
0.531346185014	-0.005373622396	0.531349438757	-0.004773631219	0.531352692501	-0.004173640041	1
0.891437904499	-0.006887964728	0.891108125718	-0.006386720321	0.890778346937	-0.005885475914	1
0.439681546839	-0.003547946860	0.439879733807	-0.002981623697	0.440077920775	-0.002415300533	1
0.530499409176	0.005481992500	0.529974381626	0.005772416452	0.529449354076	0.006062840405	1
0.306621095574	-0.000658176330	0.307213529566	-0.000563192305	0.307805963558	-0.000468208280	1
0.964318301460	0.002003766253	0.963864381645	0.002396139547	0.963410461830	0.002788512841	1
0.820007918044	-0.000414692346	0.819759795077	0.000131599694	0.819511672110	0.000677891735	1
0.643733811885	0.003901022180	0.644118335825	0.004361610217	0.644502859765	0.004822198253	1
0.791916331075	0.005053386559	0.791892123877	0.005652898037	0.791867916679	0.006252409514	1
0.339498919171	-0.004205604513	0.339323487469	-0.003631824313	0.339148055766	-0.003058044113	1
0.846740958000	0.009259660832	0.846609133832	0.009845000382	0.846477309665	0.010430339932	1
0.510439614863	0.003844541195	0.511037303248	0.003897158635	0.511634991632	0.003949776074	1
0.708002775115	0.006075907790	0.708531977989	0.006358652053	0.709061180863	0.006641396316	1
0.990599473645	0.007915657904	0.991177864887	0.008075230992	0.991756256130	0.008234804079	1
0.164338965603	0.000578472244	0.164813044403	0.000946234792	0.165287123203	0.001313997340	1
0.527154719524	0.000751303785	0.527561572875	0.001192291710	0.527968426227	0.001633279635	1
0.856390556876	-0.005633406323	0.856667410117	-0.005101097875	0.856944263358	-0.004568789428	1
0.696329275411	-0.001665409080	0.696919281672	-0.001556355827	0.697509287933	-0.001447302574	1
0.984780200762	-0.001032425882	0.985226477020	-0.000631380372	0.985672753278	-0.000230334861	1
0.451059742747	-0.003855991369	0.450606946689	-0.003462321800	0.450154150631	-0.003068652231	1
0.554628223802	-0.007064685447	0.554987417692	-0.006584081921	0.555346611582	-0.006103478395	1
0.774672154119	-0.001154476787	0.774891016816	-0.000595818466	0.775109879513	-0.000037160145	1
0.157109100288	0.000871896621	0.157189427384	0.001466495273	0.157269754480	0.002061093926	1
0.421135886509	0.000222282258	0.421650430950	0.000530898554	0.422164975391	0.000839514849	1
0.600077754221	-0.004881607972	0.600542573633	-0.004502209878	0.601007393045	-0.004122811784	1
0.652827965539	-0.007956996682	0.653307132423	-0.007595888530	0.653786299306	-0.007234780378	1
0.760192045824	-0.006200189762	0.760160258388	-0.005601032388	0.760128470953	-0.005001875014	1
0.409347794012	-0.001827593854	0.408800572679	-0.001581527171	0.408253351346	-0.001335460487	1
0.874843350496	-0.006886371510	0.874258539522	-0.006752221872	0.873673728549	-0.006618072234	1
0.703249270131	0.001268695554	0.703847024968	0.001320552615	0.704444779805	0.001372409675	1
0.533442838289	0.000219233417	0.533693119481	0.000764540051	0.533943400673	0.001309846685	1
0.811263954205	-0.005477458228	0.811230201832	-0.004878408332	0.811196449460	-0.004279358437	1
0.490571929748	-0.003442590562	0.491171348144	-0.003416178711	0.491770766541	-0.003389766860	1
0.597364896842	-0.000109387097	0.597766111184	0.000336737383	0.598167325526	0.000782861863	1
0.664688281665	0.006256408083	0.664437258870	0.006801373730	0.664186236076	0.007346339377	1
0.897284607474	0.000186984855	0.897862211513	0.000349384284	0.898439815551	0.000511783713	1
0.929448810436	0.002158170307	0.929948330886	0.002490554602	0.930447851336	0.002822938898	1
0.889531475934	0.003242691874	0.889826065562	0.003765393463	0.890120655189	0.004288095053	1
0.860952514339	0.004594520248	0.861533183495	0.004745594176	0.862113852650	0.004896668105	1
0.939166212561	-0.002410132518	0.939658434640	-0.002067032788	0.940150656719	-0.001723933057	1
0.483063072832	0.000857788510	0.483631354279	0.001050288372	0.484199635726	0.001242788235	1
0.946913527697	0.008736521631	0.947367430330	0.009128914801	0.947821332963	0.009521307971	1
0.500926494351	-0.004519428109	0.500788914684	-0.003935414552	0.500651335017	-0.003351400994	1
0.268826992861	0.002095961848	0.268639845574	0.002666028417	0.268452698287	0.003236094986	1
0.620408653384	-0.000755456602	0.620640521074	-0.000202069419	0.620872388764	0.000351317764	1
0.615916485060	-0.006503682868	0.615853507915	-0.005906997122	0.615790530770	-0.005310311376	1
0.724025070299	0.003305647315	0.724222404535	0.003872268175	0.724419738771	0.004438889036	1
0.978287174877	0.008012703816	0.978408279650	0.008600354762	0.978529384423	0.009188005707	1
0.970528623676	0.002575517557	0.969939614526	0.002689833879	0.969350605376	0.002804150200	1
0.958601370583	-0.008935884932	0.958235229402	-0.008460552800	0.957869088222	-0.007985220668	1
0.225605082978	-0.000864908551	0.225649870113	-0.000266582459	0.225694657249	0.000331743633	1
0.695604010026	-0.008233208246	0.695029784444	-0.008059239912	0.694455558862	-0.007885271579	1
0.341717056263	0.000717733868	0.341312886093	0.001161182257	0.340908715923	0.001604630646	1
0.975342413805	0.005986658748	0.975298065331	0.006585017514	0.975253716857	0.007183376280	1
0.933551884254	0.001352611043	0.933484374754	0.001948801002	0.933416865254	0.002544990961	1
0.814988130170	0.002523697119	0.814511753050	0.002888477656	0.814035375930	0.003253258192	1
0.967999638868	-0.009302342238	0.968585843499	-0.009174419877	0.969172048130	-0.009046497515	1
0.188421093796	-0.001560406498	0.187969121828	-0.001165791065	0.187517149860	-0.000771175632	1
0.463137677824	-0.005520230133	0.463196453319	-0.004923115871	0.463255228814	-0.004326001610	1
0.348689531858	-0.002909129567	0.348484763231	-0.002345152786	0.348279994604	-0.001781176005	1
0.183043975689	0.000158720862	0.183484512739	0.000566062373	0.183925049790	0.000973403885	1
0.978697240852	0.006285799787	0.978527067048	0.006861161305	0.978356893245	0.007436522823	1
0.546847181711	0.004243087493	0.546421288316	0.004665715955	0.545995394922	0.005088344416	1
0.765501714169	-0.008112517381	0.765054526328	-0.007712488588	0.764607338487	-0.007312459795	1
0.960177505534	-0.008520291928	0.959948573812	-0.007965683718	0.959719642090	-0.007411075508	1
0.765296116258	0.002184933179	0.765257691567	0.002783701534	0.765219266875	0.003382469890	1
0.853162637653	0.002366277014	0.853038019903	0.002953193036	0.852913402153	0.003540109057	1
0.775691278340	-0.008064367489	0.775206617429	-0.007710667332	0.774721956518	-0.007356967175	1
0.410104350482	-0.004400438914	0.410055516098	-0.003802429547	0.410006681715	-0.003204420180	1
0.679955288007	-0.002983439699	0.679874144965	-0.002388951846	0.679793001923	-0.001794463994	1
0.837779215652	-0.009393309357	0.837189154351	-0.009284554306	0.836599093050	-0.009175799255	1
0.266780449708	-0.003021342054	0.266371587283	-0.002582216199	0.265962724857	-0.002143090343	1
0.512977319413	0.004917880691	0.512698069615	0.005448935821	0.512418819817	0.005979990950	1
0.599434241676	-0.006378079914	0.599303847334	-0.005792420187	0.599173452992	-0.005206760460	1
0.878835635641	0.000132181240	0.879402897387	0.000327665540	0.879970159133	0.000523149840	1
0.902191400266	-0.010762415776	0.901894754832	-0.010240878159	0.901598109397	-0.009719340542	1
0.880873673026	-0.002222574431	0.880396179523	-0.001859256452	0.879918686019	-0.001495938473	1
0.325021036209	0.000933935193	0.325620902228	0.000946614283	0.326220768247	0.000959293373	1
0.902237423321	0.008301082118	0.902489545923	0.008845539824	0.902741668524	0.009389997530	1
0.965963487209	0.006201982439	0.965800884822	0.006779529376	0.965638282436	0.007357076312	1
0.363428674637	0.001218299468	0.363056283110	0.001688750900	0.362683891583	0.002159202333	1
0.677785077147	0.000692832633	0.678117445043	0.001192363995	0.678449812940	0.001691895357	1
0.341822428314	-0.004569493249	0.342153030305	-0.004068791418	0.342483632296	-0.003568089587	1
0.408728745849	-0.002525693678	0.409328579432	-0.002511563130	0.409928413016	-0.002497432582	1
0.718222932509	0.003261220413	0.718493008733	0.003796999130	0.718763084957	0.004332777847	1
0.451587297022	0.000881123644	0.451208022345	0.001346043765	0.450828747668	0.001810963887	1
0.410535753785	0.000043026483	0.410961247572	0.000466057259	0.411386741359	0.000889088034	1
0.606944319777	0.004321651347	0.607409757779	0.004700290311	0.607875195782	0.005078929276	1
0.864369652016	0.006829822150	0.863924957506	0.007232620851	0.863480262997	0.007635419551	1
0.983805498893	-0.009700975094	0.983759834311	-0.009102715329	0.983714169730	-0.008504455565	1
0.834909952074	0.006992880227	0.834764407041	0.007574959812	0.834618862007	0.008157039397	1
0.894472558273	0.009038273046	0.894159414109	0.009550074504	0.893846269945	0.010061875962	1
0.808266672300	0.002134057564	0.808824463111	0.002355121833	0.809382253922	0.002576186103	1
0.289698238176	-0.000792415205	0.289355719614	-0.000299788536	0.289013201052	0.000192838133	1
0.399759502576	0.004020999585	0.399520373650	0.004571288016	0.399281244724	0.005121576446	1
0.894150346351	-0.007942016389	0.894674206457	-0.007649491879	0.895198066564	-0.007356967369	1
0.931791539465	-0.007959774598	0.931870364932	-0.007364975014	0.931949190399	-0.006770175429	1
0.505746967789	-0.005874802824	0.505416204489	-0.005374207539	0.505085441190	-0.004873612254	1
0.861526260949	-0.010922838810	0.861314146628	-0.010361583508	0.861102032307	-0.009800328205	1
0.723751528467	-0.000470116409	0.724283038655	-0.000191733723	0.724814548844	0.000086648963	1
0.179117815756	-0.000962693424	0.179510811749	-0.000509312624	0.179903807742	-0.000055931825	1
0.890573509651	-0.007284923063	0.890104878851	-0.006910242968	0.889636248052	-0.006535562873	1
0.666189414533	0.004603568278	0.666446432642	0.005145732176	0.666703450750	0.005687896074	1
0.984160495594	0.007481035029	0.983860200406	0.008000479733	0.983559905219	0.008519924437	1
0.963589707414	0.009270142066	0.964172493388	0.009412832320	0.964755279362	0.009555522574	1
0.896275445428	-0.004329029472	0.896559199130	-0.003800367163	0.896842952831	-0.003271704854	1
0.540463080845	0.003844656473	0.540392945619	0.004440543249	0.540322810392	0.005036430026	1
0.743606307007	0.007322796612	0.743942081909	0.007820044252	0.744277856811	0.008317291892	1
0.504678569940	-0.003705582236	0.504892386690	-0.003144973283	0.505106203439	-0.002584364331	1
0.934150792357	-0.007600534075	0.934643927865	-0.007258748512	0.935137063374	-0.006916962950	1
0.707401508344	-0.007886271700	0.707004845144	-0.007436095838	0.706608181945	-0.006985919977	1
0.842752126305	-0.008376809906	0.843133177297	-0.007913344544	0.843514228289	-0.007449879182	1
0.747584359534	-0.002997983037	0.747793862165	-0.002435747634	0.748003364795	-0.001873512231	1
0.719582326798	0.001854654388	0.720168198734	0.001984091919	0.720754070670	0.002113529451	1
0.170918384701	0.001101787245	0.171411624063	0.001443422917	0.171904863424	0.001785058589	1
0.972810014063	-0.008615708940	0.972443508012	-0.008140658085	0.972077001960	-0.007665607231	1
0.943724193342	0.009724918836	0.943124628098	0.009747755602	0.942525062854	0.009770592368	1
0.446134516458	-0.005145216651	0.445972531075	-0.004567496359	0.445810545691	-0.003989776067	1
0.993291539012	0.006769967048	0.992987842152	0.007287430300	0.992684145292	0.007804893552	1
0.478015586999	-0.001132083201	0.477467407907	-0.000888157632	0.476919228815	-0.000644232064	1
0.837246604499	0.003889760214	0.837640568538	0.004342300087	0.838034532576	0.004794839959	1
0.870929096123	0.007023621511	0.870343956300	0.007156329417	0.869758816478	0.007289037324	1
0.611776085383	0.001707183270	0.611246678868	0.001989546053	0.610717272352	0.002271908837	1
0.953067758569	-0.005165657862	0.953650100873	-0.005021167584	0.954232443177	-0.004876677305	1
0.676332170946	0.007745733769	0.675854171275	0.008108385550	0.675376171604	0.008471037331	1
0.800782773937	-0.005970048709	0.800267008137	-0.005663477934	0.799751242338	-0.005356907159	1
0.873546428787	0.007055664827	0.874065980713	0.007355774468	0.874585532638	0.007655884110	1
0.345963788402	-0.000970252178	0.346432619542	-0.000595822795	0.346901450681	-0.000221393412	1
0.268198178645	0.000598416399	0.267641605087	0.000822527700	0.267085031530	0.001046639001	1
0.386712909110	-0.002900423251	0.386445808704	-0.002363154814	0.386178708298	-0.001825886377	1
0.633954493259	0.004910051919	0.634420889743	0.005287509624	0.634887286228	0.005664967329	1
0.999078353222	0.001685481720	0.998538238921	0.001946779524	0.997998124621	0.002208077329	1
0.943226429483	0.003053259416	0.943699273349	0.003422608409	0.944172117214	0.003791957403	1
0.730461267048	0.007493444537	0.730711939246	0.008038571539	0.730962611445	0.008583698542	1
0.594570734050	0.000244558931	0.594352373087	0.000803413554	0.594134012124	0.001362268177	1
0.413673065655	-0.001130427439	0.413198597646	-0.000763167166	0.412724129637	-0.000395906892	1
0.684231660681	0.005162484956	0.683885582196	0.005652617267	0.683539503711	0.006142749578	1
0.487081841801	-0.004529482357	0.486540460175	-0.004270820541	0.485999078549	-0.004012158725	1
0.828889843587	-0.006560122247	0.829460989283	-0.006376294628	0.830032134980	-0.006192467009	1
0.761609399521	0.003396963574	0.761247406580	0.003875462384	0.760885413640	0.004353961194	1
0.596263872636	0.001368030104	0.596841207037	0.001531385512	0.597418541438	0.001694740921	1
0.999743629717	-0.010985332513	0.999149817376	-0.010899385421	0.998556005034	-0.010813438328	1
0.541943516728	0.004067688027	0.542264382631	0.004574684154	0.542585248533	0.005081680281	1
0.830061280475	-0.004631146346	0.830352396021	-0.004106501953	0.830643511567	-0.003581857560	1
0.423377657378	-0.003913719888	0.423385592033	-0.003313772356	0.423393526688	-0.002713824824	1
0.769924250615	0.007764196791	0.770472153540	0.008008742051	0.771020056466	0.008253287311	1
0.566864353771	0.005490305990	0.566443168289	0.005917626466	0.566021982806	0.006344946943	1
0.637447465629	0.000977800975	0.636903987642	0.001232028584	0.636360509654	0.001486256193	1
0.541123310207	0.003115159789	0.540523373668	0.003123886137	0.539923437129	0.003132612485	1
0.994718693807	0.003447511293	0.994188703258	0.003728776325	0.993658712709	0.004010041356	1
0.906204452113	0.008432029830	0.905749804435	0.008823559508	0.905295156757	0.009215089186	1
0.538086711174	-0.005381737033	0.538549381180	-0.004999720717	0.539012051185	-0.004617704401	1
0.385250960930	-0.002928502681	0.384756016886	-0.002589341372	0.384261072842	-0.002250180063	1
0.790493734412	-0.007413474493	0.791092772492	-0.007379513055	0.791691810572	-0.007345551618	1
0.916543644271	0.004301384119	0.916395751227	0.004882871563	0.916247858183	0.005464359007	1
0.849154015759	0.009736649396	0.848640761692	0.010047406958	0.848127507625	0.010358164520	1
0.330440404771	-0.003595278949	0.330733568897	-0.003071776518	0.331026733023	-0.002548274088	1
0.853090023512	0.003094875145	0.853573403641	0.003450323665	0.854056783771	0.003805772185	1
0.862834182944	-0.001066194003	0.862850105714	-0.000466405319	0.862866028484	0.000133383365	1
0.837307381642	-0.006020537276	0.836787553483	-0.005720906362	0.836267725323	-0.005421275448	1
0.585764749216	0.005796528906	0.586327561760	0.006004476114	0.586890374303	0.006212423321	1
0.855215195703	-0.009622580365	0.854625037247	-0.009514353771	0.854034878790	-0.009406127176	1
0.920867073873	0.008302620450	0.920270952554	0.008370733392	0.919674831235	0.008438846334	1
0.178530421006	0.001196288341	0.177983286767	0.001442548620	0.177436152528	0.001688808899	1
0.909272384252	-0.004737477906	0.909465851070	-0.004169524923	0.909659317888	-0.003601571941	1
0.949286175315	-0.000115003277	0.949230618404	0.000482419044	0.949175061493	0.001079841365	1
0.653227218955	0.007461413300	0.652745618864	0.007819269909	0.652264018773	0.008177126518	1
0.985073498874	-0.007605972301	0.985650505924	-0.007441464356	0.986227512974	-0.007276956412	1
0.284673766610	0.001841932302	0.285204839901	0.002121147559	0.285735913192	0.002400362816	1
0.825161920484	0.001607300649	0.824563228645	0.001646899666	0.823964536806	0.001686498683	1
0.537197896021	-0.006855312740	0.537701480117	-0.006529117924	0.538205064214	-0.006202923109	1
0.688226351490	0.005227059875	0.688559709873	0.005725930789	0.688893068255	0.006224801703	1
0.933935361923	-0.009092920354	0.934458756938	-0.008799564499	0.934982151953	-0.008506208643	1
0.316194954007	-0.002512616430	0.315688031890	-0.002191633616	0.315181109772	-0.001870650802	1
0.471003590721	-0.000270316201	0.470486047453	0.000033244279	0.469968504184	0.000336804759	1
0.827811298596	-0.002271789983	0.828408139973	-0.002210305258	0.829004981349	-0.002148820533	1
0.925408845320	-0.001833240585	0.924814702209	-0.001749610663	0.924220559099	-0.001665980742	1
0.225634395545	0.000403651086	0.225448058525	0.000973983020	0.225261721505	0.001544314954	1
0.790098388658	-0.007419082316	0.790680987051	-0.007275628100	0.791263585444	-0.007132173883	1
0.683911709445	0.006394922252	0.683665742418	0.006942188386	0.683419775392	0.007489454521	1
0.313257186975	0.001825670449	0.313819981461	0.002033666522	0.314382775947	0.002241662594	1
0.743289902868	-0.000140884432	0.743001451792	0.000385229602	0.742713000717	0.000911343636	1
0.815273797801	0.008445463385	0.815687990800	0.008879564940	0.816102183799	0.009313666494	1
0.552269177866	-0.006974337428	0.552053497637	-0.006414442760	0.551837817407	-0.005854548093	1
0.403106197559	-0.000779028995	0.402809345592	-0.000257608906	0.402512493626	0.000263811184	1
0.897024080794	-0.005534824887	0.896585027857	-0.005125884159	0.896145974920	-0.004716943432	1
0.333332258702	0.002636720430	0.333550717285	0.003195536900	0.333769175869	0.003754353370	1
0.766582343708	-0.003971409626	0.766325291988	-0.003429261663	0.766068240268	-0.002887113701	1
0.876520383108	-0.005068829925	0.876377110967	-0.004486186729	0.876233838826	-0.003903543533	1
0.993574085825	0.000428971563	0.993811021785	0.000980207766	0.994047957745	0.001531443968	1
0.509917621221	-0.003771463957	0.510426945967	-0.003454307366	0.510936270713	-0.003137150776	1
0.165456267779	-0.001488848944	0.165670177479	-0.000928275452	0.165884087179	-0.000367701960	1
0.711363185272	-0.005523369372	0.711932580619	-0.005334189727	0.712501975967	-0.005145010081	1
0.862648640810	0.002825512885	0.863248524959	0.002837303030	0.863848409108	0.002849093175	1
0.731493852529	-0.006921567946	0.731989807634	-0.006583886834	0.732485762740	-0.006246205722	1
0.871241980675	0.003456443677	0.871175745003	0.004052776500	0.871109509330	0.004649109323	1
0.653233988962	0.004659945984	0.653291061113	0.005257225458	0.653348133265	0.005854504931	1
0.675585625200	-0.006709965371	0.676184984375	-0.006682242111	0.676784343550	-0.006654518851	1
0.860055468381	0.008609316876	0.860605583886	0.008848843347	0.861155699392	0.009088369819	1
0.175697957384	0.000058229697	0.176265088354	0.000254093073	0.176832219325	0.000449956449	1
0.944026947138	0.010347399239	0.943937635095	0.010940714803	0.943848323052	0.011534030368	1
0.750647515125	-0.002952617638	0.750763010727	-0.002363838591	0.750878506328	-0.001775059544	1
0.834491081370	-0.004014007596	0.834945373223	-0.003622065110	0.835399665075	-0.003230122623	1
0.566400763521	-0.000267020708	0.565867682018	0.000008341074	0.565334600515	0.000283702856	1
0.401508215674	0.001885736435	0.401730005633	0.002443239093	0.401951795591	0.003000741752	1
0.403695304236	-0.004112725977	0.403299019632	-0.003662216807	0.402902735027	-0.003211707637	1
0.496754438008	-0.004749585884	0.496699783514	-0.004152080330	0.496645129020	-0.003554574777	1
0.807173527451	-0.003318589160	0.806667516253	-0.002996172245	0.806161505055	-0.002673755330	1
0.576349162012	0.003456213933	0.575887381675	0.003839305202	0.575425601338	0.004222396471	1
0.244068106885	0.001559135045	0.243983156392	0.002153090779	0.243898205899	0.002747046513	1
0.922244374450	0.003624158995	0.922045217239	0.004190141685	0.921846060029	0.004756124375	1
0.501892330806	0.000030477652	0.501292949875	0.000057726499	0.500693568944	0.000084975346	1
0.580651157958	-0.005259144046	0.581251099829	-0.005250792331	0.581851041700	-0.005242440615	1
0.643613674689	-0.002883356740	0.643246122861	-0.002409114551	0.642878571033	-0.001934872362	1
0.512262249417	0.003504365583	0.512107009572	0.004083934897	0.511951769727	0.004663504212	1
0.454081399400	-0.001802394601	0.454261299191	-0.001229999576	0.454441198981	-0.000657604550	1
0.181414637136	0.000753117609	0.181563319455	0.001334403742	0.181712001774	0.001915689875	1
0.477232371986	-0.000224284576	0.476644909698	-0.000102267938	0.476057447409	0.000019748699	1
0.981829103317	0.003624695850	0.981232168538	0.003685267051	0.980635233760	0.003745838252	1
0.544592110294	0.005977716838	0.545121391323	0.006260314772	0.545650672351	0.006542912706	1
0.888707646888	0.008513048568	0.888242456183	0.008891991318	0.887777265478	0.009270934068	1
0.467153180729	0.004954617311	0.467599198346	0.005355950447	0.468045215962	0.005757283582	1
0.526512244791	-0.004708172921	0.526825203484	-0.004196258029	0.527138162177	-0.003684343137	1
0.456359097795	-0.005843546225	0.456794876218	-0.005431117848	0.457230654640	-0.005018689471	1
0.685505116123	0.001452647897	0.685703423718	0.002018928832	0.685901731314	0.002585209768	1
0.979936240743	-0.009748899293	0.979767171404	-0.009173212261	0.979598102066	-0.008597525229	1
0.877119510930	0.008254497159	0.877173027613	0.008852105697	0.877226544295	0.009449714235	1
0.963378628280	0.001280385185	0.963969109620	0.001386836056	0.964559590959	0.001493286927	1
0.932715691522	0.003824428756	0.932675322382	0.004423069159	0.932634953241	0.005021709563	1
0.711047007465	0.000302297580	0.711551784543	0.000626643232	0.712056561620	0.000950988884	1
0.941973517835	0.005381645990	0.942388143662	0.005815334154	0.942802769488	0.006249022318	1
0.491239407463	0.004010735013	0.490708399265	0.004290074044	0.490177391068	0.004569413076	1
0.981778391044	0.000720985565	0.981191028959	0.000843483654	0.980603666875	0.000965981743	1
0.850418717249	-0.002214953582	0.850526378293	-0.001624691691	0.850634039336	-0.001034429801	1
0.746023129551	-0.000342175916	0.745531494287	0.000001764147	0.745039859023	0.000345704210	1
0.992025352519	0.003800748052	0.991831095128	0.004368431120	0.991636837736	0.004936114188	1
0.881848878956	0.007978272274	0.882111363962	0.008517810615	0.882373848969	0.009057348955	1
0.404718467504	-0.000415154070	0.405313084925	-0.000334966027	0.405907702347	-0.000254777985	1
0.735197975221	0.005717609464	0.735502129410	0.006234804040	0.735806283599	0.006751998616	1
0.839161626179	-0.004015248927	0.839703387087	-0.003757382455	0.840245147996	-0.003499515982	1
0.857253035025	-0.003045146079	0.857460828000	-0.002482276575	0.857668620976	-0.001919407070	1
0.774367721992	0.003645718775	0.774714964329	0.004135027225	0.775062206667	0.004624335675	1
0.867594229460	-0.002352704036	0.866995011655	-0.002322076876	0.866395793851	-0.002291449717	1
0.175815483700	0.001352812840	0.176386909725	0.001535767202	0.176958335749	0.001718721565	1
0.411221336096	0.002675559078	0.410630394739	0.002779425880	0.410039453382	0.002883292682	1
0.417216868195	-0.004329026272	0.417672685298	-0.003938858655	0.418128502400	-0.003548691039	1
0.334599368474	0.001418471903	0.334082119606	0.001722533752	0.333564870738	0.002026595602	1
0.638707077386	-0.005412878063	0.639277826563	-0.005227823001	0.639848575741	-0.005042767939	1
0.233030852646	-0.000251604168	0.233543131075	0.000060759100	0.234055409504	0.000373122368	1
0.884522923111	0.005316464205	0.884753566309	0.005870362856	0.884984209507	0.006424261506	1
0.703607770175	0.007659081745	0.703304160589	0.008176596208	0.703000551003	0.008694110671	1
0.527195602322	-0.000011426167	0.527523895718	0.000490792357	0.527852189114	0.000993010881	1
0.534335499441	0.001573108258	0.534802528987	0.001949782391	0.535269558534	0.002326456524	1
0.716293633162	-0.003931253315	0.716893271142	-0.003910413632	0.717492909123	-0.003889573949	1
0.711710119047	0.007027936853	0.711160367754	0.007268298071	0.710610616460	0.007508659289	1
0.344950482878	-0.003867376467	0.344708810171	-0.003318200445	0.344467137464	-0.002769024423	1
0.275919657266	-0.001831383684	0.275457717396	-0.001448484799	0.274995777525	-0.001065585913	1
0.753123141903	-0.006934428783	0.752545743393	-0.006771300120	0.751968344883	-0.006608171458	1
0.841567597040	0.000205263425	0.841467793070	0.000796904505	0.841367989099	0.001388545585	1
0.904508646589	-0.007555141848	0.904565072751	-0.006957801000	0.904621498913	-0.006360460152	1
0.605230515254	0.004190275262	0.604710038597	0.004488778277	0.604189561940	0.004787281292	1
0.880620689408	0.009563535152	0.880025293131	0.009637719201	0.879429896854	0.009711903249	1
0.908052010088	-0.001331241879	0.908354938169	-0.000813328201	0.908657866250	-0.000295414522	1
0.878528002705	-0.003306663795	0.878256454467	-0.002771629633	0.877984906229	-0.002236595471	1
0.709777734643	0.001537632988	0.709210103160	0.001732041062	0.708642471676	0.001926449136	1
0.643924515096	0.005351946514	0.643366284820	0.005571898689	0.642808054545	0.005791850864	1
0.673471897630	-0.008479402659	0.673024939232	-0.008079117523	0.672577980834	-0.007678832386	1
0.834361448156	0.004232695349	0.834392389996	0.004831896987	0.834423331836	0.005431098624	1
0.398425786423	-0.000322183447	0.398922831706	0.000013890930	0.399419876989	0.000349965306	1
0.410882749589	-0.002088939588	0.410788183012	-0.001496438818	0.410693616436	-0.000903938048	1
0.597223377522	-0.005093635560	0.597564816874	-0.004600260278	0.597906256226	-0.004106884996	1
0.979368274087	0.010239233482	0.979785253441	0.010670659279	0.980202232795	0.011102085076	1
0.537655919663	0.006091078496	0.537072037393	0.006229214278	0.536488155123	0.006367350060	1
0.851676029621	0.007113546989	0.851076197023	0.007127719328	0.850476364426	0.007141891667	1
0.418757909365	-0.004539860883	0.418735056264	-0.003940296261	0.418712203163	-0.003340731639	1
0.439739999926	-0.004324873610	0.440051635067	-0.003812151913	0.440363270208	-0.003299430216	1
0.656118677969	-0.007277510857	0.656638699578	-0.006978215809	0.657158721187	-0.006678920761	1
0.565812215067	-0.004615102595	0.565333783318	-0.004253021029	0.564855351568	-0.003890939462	1
0.603286850541	0.001957806282	0.603885074552	0.002003936879	0.604483298564	0.002050067476	1
0.910575233116	0.009963993374	0.911171920391	0.010026956027	0.911768607666	0.010089918679	1
0.831400841008	-0.001107932716	0.831680405055	-0.000577042950	0.831959969101	-0.000046153183	1
0.387710692032	0.000288046824	0.387187512569	0.000581786929	0.386664333106	0.000875527034	1
0.856431206124	0.001175807380	0.856277595823	0.001755810721	0.856123985523	0.002335814062	1
0.947789903365	-0.005879049411	0.947616581641	-0.005304628328	0.947443259917	-0.004730207246	1
0.484761703117	0.002581479919	0.485172768994	0.003018543810	0.485583834871	0.003455607700	1
