3.87863352190444 27.153241336366374 2
29.875526257566488 97.25079521713671 1
69.01674042636682 27.195172136249823 1
50.596251610030116 94.07599558216447 2
77.24827647205137 98.31631139693633 1
64.73911373301911 55.35968157272215 2
97.95452495268684 53.2353187506372 1
41.25587490546015 6.814969125267655 1
37.5349180899963 4.047614321941295 1
99.17150148559078 96.19867250779807 2
79.45316201849263 22.824112224580983 2
35.80440681853626 49.76325154433655 2
19.552881173044057 50.53679646511847 1
59.84461616624467 72.72857199224403 1
96.1643248057652 28.764673262037356 2
74.3684151645369 56.971145297427725 1
19.17044570407943 27.39709257116446 1
33.37764346118403 40.975607292848714 2
2.3167382066601516 16.077662759145028 1
86.14153302026739 19.5159604274192 2
44.030511373368554 93.81608305689578 1
41.20434836800523 61.78126783400772 2
67.56771459736069 49.84799568195301 2
28.501387416821032 92.38135506169087 1
53.539285912889426 19.22051282868629 2
94.34213612224858 8.479694991754217 1
93.5980463268672 86.54146308358916 2
15.574399466168675 21.13006368339344 2
75.50545571957905 25.37138916879238 2
30.59813085546611 29.422882258809036 1
16.74705410711107 46.36537919224409 1
19.063471854086224 35.17544631651208 1
57.184014172894074 38.05528773324459 1
36.527247113492564 19.691228770594936 2
56.66609692324124 99.97373359391142 1
78.6482253189591 41.1888015054487 1
27.009761308749937 81.90183587964385 1
83.86704243570684 22.91940039990542 2
61.15685846493163 11.42983969416661 2
55.16825508355105 90.95295666532861 1
71.59371465148071 18.64368485774185 1
45.06705980636241 43.10217543582795 2
57.06465532540142 49.20336881028074 2
59.70266254372052 15.26252927681796 2
22.925595207688843 0.9614415821681432 2
42.429280344476126 12.62195551444324 1
55.87180423690642 75.56060825619 2
0.23670352743314638 0.1935615093262344 2
46.94068538333731 37.873155950563344 2
48.105409809076136 21.277714506467472 2
4.085135538431217 3.741433638243774 1
65.73720380612329 73.43042941748342 1
17.14483802628989 0.9070197938302105 2
62.32116855861668 43.94999407977534 2
81.48306621107838 49.30060975482823 1
58.20911839481083 80.10010101980441 1
31.94374429123591 69.50454629492144 1
23.283867084376077 63.52271704057022 1
20.114583183461676 23.347187499225296 1
59.62688999069823 94.90498540538506 2
28.117825148872456 64.19251761589413 2
31.349693664645663 89.81614743598837 2
76.84807133675078 56.6279216589592 1
10.604725272945448 15.878943961849712 1
79.78925760417178 52.47864759003002 1
28.23279094280299 3.6748231954054744 2
16.619419762288445 75.47621024763332 1
60.149476893233434 88.50793673104911 2
93.9884633576029 61.4243775516232 1
64.6368197378031 8.201123816346245 1
18.921363750210464 42.538626951948174 1
54.89637137583414 4.669430829139687 1
40.82280787648514 21.464898526085797 2
37.3293683323372 91.93493162541075 2
91.25825464653039 29.84347412047065 2
92.8967868113964 14.752901988623258 2
29.863948513473236 22.453071756803155 2
0.4763308937313915 86.71217946635997 2
12.745426404911985 12.931709922292855 1
8.936581067619997 84.94643769656925 2
58.72088495597026 3.962401902161472 1
34.19378716739302 67.95055679019751 1
71.38489521983657 26.9608621741502 1
95.39365951285494 82.08482739582271 2
21.01213979076547 7.7903634067700285 1
52.72043872666465 79.121929844589 1
99.87774015380899 87.71592307515637 2
79.40706054979074 13.015285312974223 1
97.83160122381639 22.631727173950544 1
68.28802531070653 78.63343312031871 1
53.1286912194032 31.164143165281256 2
23.12833774719174 92.77627488156233 2
37.21970636464701 22.82688618018969 1
14.963443982000268 17.010343968449316 1
35.7467441033307 59.80674278353928 2
94.00065172626539 76.92305738919592 2
78.13895284429226 85.97106552318682 1
0.5995006761550958 13.779665685811104 1
59.39664615920643 54.24204793129497 1
11.284743965298304 10.192513610770105 2
